Método de Euler
y(0.000000) = 25.000000
h = 1.000000
0	25.000000
1	23.000000
2	21.189225
3	19.547725
4	18.057750
5	16.703503
6	15.470920
7	14.347478
8	13.322020
9	12.384606
10	11.526375
11	10.739424
12	10.016702
13	9.351919
14	8.739455
15	8.174289
16	7.651935
17	7.168378
18	6.720027
19	6.303663
20	5.916403
21	5.555662
22	5.219117
23	4.904684
24	4.610487
25	4.334838
26	4.076218
27	3.833255
28	3.604711
29	3.389468
30	3.186514
31	2.994932
32	2.813888
33	2.642629
34	2.480467
35	2.326776
36	2.180984
37	2.042570
38	1.911057
39	1.786008
40	1.667022
41	1.553729
42	1.445790
43	1.342892
44	1.244747
45	1.151086
46	1.061661
47	0.976244
48	0.894620
49	0.816589
50	0.741968
51	0.670582
52	0.602270
53	0.536880
54	0.474270
55	0.414307
56	0.356865
57	0.301826
58	0.249079
59	0.198518
60	0.150046
61	0.103567
62	0.058993
63	0.016240
64	-0.024771
65	-0.064116
66	-0.101867
67	-0.138093
68	-0.172858
69	-0.206224
70	-0.238251
71	-0.268993
72	-0.298505
73	-0.326838
74	-0.354040
75	-0.380158
76	-0.405237
77	-0.429318
78	-0.452443
79	-0.474651
80	-0.495979
81	-0.516461
82	-0.536133
83	-0.555027
84	-0.573175
85	-0.590605
86	-0.607348
87	-0.623429
88	-0.638877
89	-0.653716
90	-0.667969
91	-0.681662
92	-0.694815
93	-0.707451
94	-0.719589
95	-0.731250
96	-0.742452
97	-0.753214
98	-0.763552
99	-0.773485
100	-0.783027

Método de Euler Inverso
y(0.000000) = 25.000000
h = 1.000000
0	25.000000
1	23.189225
2	21.547725
3	20.057750
4	18.703503
5	17.470920
6	16.347478
7	15.322020
8	14.384606
9	13.526375
10	12.739424
11	12.016702
12	11.351919
13	10.739455
14	10.174289
15	9.651935
16	9.168378
17	8.720027
18	8.303663
19	7.916403
20	7.555662
21	7.219117
22	6.904684
23	6.610487
24	6.334838
25	6.076218
26	5.833255
27	5.604711
28	5.389468
29	5.186514
30	4.994932
31	4.813888
32	4.642629
33	4.480467
34	4.326776
35	4.180984
36	4.042570
37	3.911057
38	3.786008
39	3.667022
40	3.553729
41	3.445790
42	3.342892
43	3.244747
44	3.151086
45	3.061661
46	2.976244
47	2.894620
48	2.816589
49	2.741968
50	2.670582
51	2.602270
52	2.536880
53	2.474270
54	2.414307
55	2.356865
56	2.301826
57	2.249079
58	2.198518
59	2.150046
60	2.103567
61	2.058993
62	2.016240
63	1.975229
64	1.935884
65	1.898133
66	1.861907
67	1.827142
68	1.793776
69	1.761749
70	1.731007
71	1.701495
72	1.673162
73	1.645960
74	1.619842
75	1.594763
76	1.570682
77	1.547557
78	1.525349
79	1.504021
80	1.483539
81	1.463867
82	1.444973
83	1.426825
84	1.409395
85	1.392652
86	1.376571
87	1.361123
88	1.346284
89	1.332031
90	1.318338
91	1.305185
92	1.292549
93	1.280411
94	1.268750
95	1.257548
96	1.246786
97	1.236448
98	1.226515
99	1.216973
100	1.207806

Método de Euler Aprimorado
y(0.000000) = 25.000000
h = 1.000000
0	25.000000
1	23.094612
2	21.368475
3	19.802737
4	18.380626
5	17.087212
6	15.909199
7	14.834749
8	13.853313
9	12.955491
10	12.132899
11	11.378063
12	10.684311
13	10.045687
14	9.456872
15	8.913112
16	8.410157
17	7.944203
18	7.511845
19	7.110033
20	6.736033
21	6.387390
22	6.061901
23	5.757585
24	5.472663
25	5.205528
26	4.954736
27	4.718983
28	4.497090
29	4.287991
30	4.090723
31	3.904410
32	3.728259
33	3.561548
34	3.403621
35	3.253880
36	3.111777
37	2.976814
38	2.848533
39	2.726515
40	2.610375
41	2.499759
42	2.394341
43	2.293820
44	2.197916
45	2.106374
46	2.018953
47	1.935432
48	1.855604
49	1.779279
50	1.706275
51	1.636426
52	1.569575
53	1.505575
54	1.444289
55	1.385586
56	1.329346
57	1.275452
58	1.223799
59	1.174282
60	1.126806
61	1.081280
62	1.037617
63	0.995735
64	0.955557
65	0.917008
66	0.880020
67	0.844524
68	0.810459
69	0.777763
70	0.746378
71	0.716251
72	0.687329
73	0.659561
74	0.632901
75	0.607303
76	0.582723
77	0.559119
78	0.536453
79	0.514685
80	0.493780
81	0.473703
82	0.454420
83	0.435899
84	0.418110
85	0.401024
86	0.384612
87	0.368847
88	0.353704
89	0.339158
90	0.325184
91	0.311761
92	0.298867
93	0.286480
94	0.274581
95	0.263149
96	0.252167
97	0.241617
98	0.231481
99	0.221744
100	0.212390

Método de Range-Kutta
y(0.000000) = 25.000000
h = 1.000000
0	25.000000
1	23.096373
2	21.371802
3	19.807459
4	18.386589
5	17.094279
6	15.917251
7	14.843678
8	13.863023
9	12.965898
10	12.143928
11	11.389646
12	10.696389
13	10.058207
14	9.469787
15	8.926381
16	8.423742
17	7.958071
18	7.525966
19	7.124382
20	6.750586
21	6.402126
22	6.076801
23	5.772634
24	5.487845
25	5.220831
26	4.970147
27	4.734492
28	4.512687
29	4.303669
30	4.106473
31	3.920226
32	3.744135
33	3.577479
34	3.419602
35	3.269906
36	3.127845
37	2.992919
38	2.864673
39	2.742688
40	2.626577
41	2.515989
42	2.410596
43	2.310097
44	2.214215
45	2.122692
46	2.035290
47	1.951786
48	1.871975
49	1.795664
50	1.722675
51	1.652839
52	1.586000
53	1.522012
54	1.460736
55	1.402043
56	1.345812
57	1.291928
58	1.240283
59	1.190774
60	1.143306
61	1.097787
62	1.054130
63	1.012255
64	0.972083
65	0.933541
66	0.896557
67	0.861067
68	0.827007
69	0.794315
70	0.762936
71	0.732813
72	0.703895
73	0.676131
74	0.649475
75	0.623880
76	0.599303
77	0.575703
78	0.553040
79	0.531275
80	0.510373
81	0.490299
82	0.471018
83	0.452500
84	0.434714
85	0.417630
86	0.401220
87	0.385457
88	0.370316
89	0.355772
90	0.341801
91	0.328380
92	0.315487
93	0.303102
94	0.291204
95	0.279774
96	0.268793
97	0.258244
98	0.248110
99	0.238375
100	0.229021

Método Adam-Bashforth por Euler
Ordem = 2
y(0.000000) = 25.000000
h = 1.000000
0	25.000000
1	23.000000
2	21.283837
3	19.726975
4	18.312763
5	17.026379
6	15.854629
7	14.785757
8	13.809291
9	12.915899
10	12.097259
11	11.345948
12	10.655342
13	10.019527
14	9.433222
15	8.891706
16	8.390758
17	7.926600
18	7.495851
19	7.095481
20	6.722774
21	6.375291
22	6.050845
23	5.747467
24	5.463388
25	5.197014
26	4.946908
27	4.711773
28	4.490439
29	4.281847
30	4.085037
31	3.899140
32	3.723367
33	3.557000
34	3.399386
35	3.249930
36	3.108088
37	2.973363
38	2.845301
39	2.723484
40	2.607528
41	2.497082
42	2.391821
43	2.291444
44	2.195674
45	2.104255
46	2.016949
47	1.933535
48	1.853807
49	1.777574
50	1.704657
51	1.634889
52	1.568114
53	1.504185
54	1.442966
55	1.384326
56	1.328144
57	1.274306
58	1.222705
59	1.173238
60	1.125809
61	1.080327
62	1.036706
63	0.994864
64	0.954724
65	0.916211
66	0.879257
67	0.843794
68	0.809759
69	0.777093
70	0.745736
71	0.715636
72	0.686739
73	0.658996
74	0.632359
75	0.606783
76	0.582224
77	0.558641
78	0.535994
79	0.514245
80	0.493358
81	0.473297
82	0.454031
83	0.435526
84	0.417752
85	0.400680
86	0.384281
87	0.368530
88	0.353399
89	0.338865
90	0.324904
91	0.311492
92	0.298608
93	0.286231
94	0.274342
95	0.262920
96	0.251947
97	0.241405
98	0.231278
99	0.221549
100	0.212202

Método Adam-Bashforth por Euler
Ordem = 3
y(0.000000) = 25.000000
h = 1.000000
0	25.000000
1	23.000000
2	21.189225
3	19.624050
4	18.202442
5	16.909477
6	15.731866
7	14.657776
8	13.676662
9	12.779128
10	11.956796
11	11.202192
12	10.508648
13	9.870212
14	9.281566
15	8.737958
16	8.235140
17	7.769310
18	7.337064
19	6.935353
20	6.561445
21	6.212885
22	5.887471
23	5.583224
24	5.298364
25	5.031287
26	4.780547
27	4.544841
28	4.322992
29	4.113933
30	3.916701
31	3.730422
32	3.554303
33	3.387621
34	3.229720
35	3.080003
36	2.937923
37	2.802981
38	2.674720
39	2.552721
40	2.436598
41	2.325999
42	2.220596
43	2.120088
44	2.024198
45	1.932668
46	1.845259
47	1.761749
48	1.681932
49	1.605616
50	1.532622
51	1.462782
52	1.395939
53	1.331947
54	1.270668
55	1.211972
56	1.155739
57	1.101852
58	1.050204
59	1.000693
60	0.953223
61	0.907702
62	0.864044
63	0.822167
64	0.781993
65	0.743450
66	0.706465
67	0.670974
68	0.636912
69	0.604220
70	0.572839
71	0.542715
72	0.513796
73	0.486032
74	0.459374
75	0.433779
76	0.409201
77	0.385601
78	0.362937
79	0.341171
80	0.320269
81	0.300193
82	0.280913
83	0.262394
84	0.244607
85	0.227522
86	0.211112
87	0.195349
88	0.180208
89	0.165663
90	0.151691
91	0.138270
92	0.125377
93	0.112991
94	0.101093
95	0.089663
96	0.078682
97	0.068133
98	0.057999
99	0.048263
100	0.038909

Método Adam-Bashforth por Euler
Ordem = 4
y(0.000000) = 25.000000
h = 1.000000
0	25.000000
1	23.000000
2	21.189225
3	19.547725
4	18.126941
5	16.834708
6	15.657748
7	14.584235
8	13.603634
9	12.706556
10	11.884628
11	11.130384
12	10.437160
13	9.799008
14	9.210614
15	8.667231
16	8.164613
17	7.698960
18	7.266872
19	6.865302
20	6.491519
21	6.143070
22	5.817756
23	5.513598
24	5.228816
25	4.961809
26	4.711132
27	4.475483
28	4.253683
29	4.044669
30	3.847477
31	3.661234
32	3.485146
33	3.318493
34	3.160618
35	3.010924
36	2.868865
37	2.733941
38	2.605697
39	2.483712
40	2.367603
41	2.257016
42	2.151624
43	2.051126
44	1.955245
45	1.863723
46	1.776321
47	1.692818
48	1.613007
49	1.536697
50	1.463708
51	1.393872
52	1.327034
53	1.263046
54	1.201770
55	1.143078
56	1.086847
57	1.032963
58	0.981318
59	0.931809
60	0.884341
61	0.838822
62	0.795166
63	0.753291
64	0.713119
65	0.674577
66	0.637594
67	0.602104
68	0.568043
69	0.535352
70	0.503972
71	0.473849
72	0.444931
73	0.417168
74	0.390511
75	0.364917
76	0.340340
77	0.316740
78	0.294077
79	0.272312
80	0.251410
81	0.231336
82	0.212055
83	0.193537
84	0.175751
85	0.158667
86	0.142257
87	0.126494
88	0.111353
89	0.096809
90	0.082838
91	0.069417
92	0.056524
93	0.044139
94	0.032241
95	0.020811
96	0.009830
97	-0.000718
98	-0.010852
99	-0.020588
100	-0.029941

Método Adam-Bashforth por Euler
Ordem = 5
y(0.000000) = 25.000000
h = 1.000000
0	25.000000
1	23.000000
2	21.189225
3	19.547725
4	18.057750
5	16.765431
6	15.588394
7	14.514814
8	13.534153
9	12.637022
10	11.815047
11	11.060760
12	10.367499
13	9.729314
14	9.140891
15	8.597482
16	8.094840
17	7.629167
18	7.197061
19	6.795475
20	6.421677
21	6.073216
22	5.747890
23	5.443722
24	5.158932
25	4.891917
26	4.641233
27	4.405577
28	4.183771
29	3.974753
30	3.777556
31	3.591309
32	3.415218
33	3.248561
34	3.090684
35	2.940987
36	2.798926
37	2.664000
38	2.535754
39	2.413768
40	2.297658
41	2.187069
42	2.081676
43	1.981177
44	1.885295
45	1.793773
46	1.706370
47	1.622866
48	1.543055
49	1.466744
50	1.393754
51	1.323918
52	1.257080
53	1.193091
54	1.131815
55	1.073123
56	1.016892
57	0.963008
58	0.911362
59	0.861854
60	0.814385
61	0.768866
62	0.725210
63	0.683335
64	0.643163
65	0.604620
66	0.567637
67	0.532147
68	0.498086
69	0.465395
70	0.434015
71	0.403892
72	0.374974
73	0.347211
74	0.320554
75	0.294960
76	0.270383
77	0.246783
78	0.224119
79	0.202355
80	0.181453
81	0.161378
82	0.142098
83	0.123580
84	0.105793
85	0.088709
86	0.072299
87	0.056537
88	0.041396
89	0.026851
90	0.012880
91	-0.000541
92	-0.013434
93	-0.025819
94	-0.037717
95	-0.049147
96	-0.060127
97	-0.070676
98	-0.080810
99	-0.090546
100	-0.099899

Método Adam-Bashforth por Euler
Ordem = 6
y(0.000000) = 25.000000
h = 1.000000
0	25.000000
1	23.000000
2	21.189225
3	19.547725
4	18.057750
5	16.703503
6	15.526476
7	14.452903
8	13.472250
9	12.575125
10	11.753155
11	10.998874
12	10.305617
13	9.667436
14	9.079017
15	8.535611
16	8.032972
17	7.567301
18	7.135197
19	6.733613
20	6.359817
21	6.011357
22	5.686033
23	5.381866
24	5.097077
25	4.830062
26	4.579379
27	4.343724
28	4.121920
29	3.912901
30	3.715706
31	3.529459
32	3.353368
33	3.186712
34	3.028835
35	2.879138
36	2.737077
37	2.602152
38	2.473906
39	2.351920
40	2.235810
41	2.125221
42	2.019828
43	1.919330
44	1.823448
45	1.731925
46	1.644523
47	1.561019
48	1.481208
49	1.404897
50	1.331907
51	1.262071
52	1.195233
53	1.131244
54	1.069969
55	1.011276
56	0.955045
57	0.901161
58	0.849515
59	0.800007
60	0.752539
61	0.707020
62	0.663363
63	0.621488
64	0.581316
65	0.542773
66	0.505790
67	0.470300
68	0.436240
69	0.403548
70	0.372169
71	0.342046
72	0.313128
73	0.285364
74	0.258708
75	0.233113
76	0.208536
77	0.184936
78	0.162273
79	0.140508
80	0.119606
81	0.099531
82	0.080251
83	0.061733
84	0.043947
85	0.026862
86	0.010453
87	-0.005310
88	-0.020451
89	-0.034995
90	-0.048967
91	-0.062388
92	-0.075280
93	-0.087666
94	-0.099564
95	-0.110993
96	-0.121974
97	-0.132523
98	-0.142657
99	-0.152393
100	-0.161746

Método Adam-Bashforth por Euler
Ordem = 7
y(0.000000) = 25.000000
h = 1.000000
0	25.000000
1	23.000000
2	21.189225
3	19.547725
4	18.057750
5	16.703503
6	15.470920
7	14.397347
8	13.416693
9	12.519567
10	11.697597
11	10.943315
12	10.250058
13	9.611876
14	9.023456
15	8.480050
16	7.977410
17	7.511739
18	7.079635
19	6.678051
20	6.304254
21	5.955795
22	5.630470
23	5.326303
24	5.041513
25	4.774499
26	4.523816
27	4.288161
28	4.066356
29	3.857338
30	3.660142
31	3.473895
32	3.297804
33	3.131148
34	2.973271
35	2.823575
36	2.681513
37	2.546588
38	2.418342
39	2.296356
40	2.180246
41	2.069657
42	1.964264
43	1.863766
44	1.767884
45	1.676361
46	1.588959
47	1.505455
48	1.425644
49	1.349333
50	1.276343
51	1.206507
52	1.139669
53	1.075680
54	1.014404
55	0.955712
56	0.899481
57	0.845597
58	0.793951
59	0.744443
60	0.696974
61	0.651455
62	0.607799
63	0.565924
64	0.525752
65	0.487209
66	0.450226
67	0.414736
68	0.380675
69	0.347984
70	0.316604
71	0.286482
72	0.257563
73	0.229800
74	0.203143
75	0.177549
76	0.152972
77	0.129372
78	0.106709
79	0.084944
80	0.064042
81	0.043967
82	0.024687
83	0.006169
84	-0.011618
85	-0.028702
86	-0.045112
87	-0.060874
88	-0.076015
89	-0.090559
90	-0.104531
91	-0.117952
92	-0.130845
93	-0.143230
94	-0.155128
95	-0.166558
96	-0.177538
97	-0.188087
98	-0.198221
99	-0.207957
100	-0.217310

Método Adam-Bashforth por Euler
Ordem = 8
y(0.000000) = 25.000000
h = 1.000000
0	25.000000
1	23.000000
2	21.189225
3	19.547725
4	18.057750
5	16.703503
6	15.470920
7	14.347478
8	13.366824
9	12.469698
10	11.647728
11	10.893446
12	10.200189
13	9.562007
14	8.973588
15	8.430181
16	7.927542
17	7.461871
18	7.029767
19	6.628183
20	6.254386
21	5.905926
22	5.580602
23	5.276435
24	4.991645
25	4.724631
26	4.473948
27	4.238292
28	4.016488
29	3.807470
30	3.610274
31	3.424027
32	3.247936
33	3.081280
34	2.923403
35	2.773706
36	2.631645
37	2.496720
38	2.368474
39	2.246488
40	2.130378
41	2.019789
42	1.914396
43	1.813898
44	1.718016
45	1.626493
46	1.539091
47	1.455587
48	1.375776
49	1.299465
50	1.226475
51	1.156639
52	1.089800
53	1.025812
54	0.964536
55	0.905844
56	0.849613
57	0.795728
58	0.744083
59	0.694575
60	0.647106
61	0.601587
62	0.557931
63	0.516056
64	0.475884
65	0.437341
66	0.400358
67	0.364868
68	0.330807
69	0.298116
70	0.266736
71	0.236613
72	0.207695
73	0.179932
74	0.153275
75	0.127681
76	0.103104
77	0.079504
78	0.056840
79	0.035076
80	0.014174
81	-0.005901
82	-0.025181
83	-0.043699
84	-0.061486
85	-0.078570
86	-0.094980
87	-0.110742
88	-0.125883
89	-0.140428
90	-0.154399
91	-0.167820
92	-0.180713
93	-0.193098
94	-0.204996
95	-0.216426
96	-0.227406
97	-0.237955
98	-0.248089
99	-0.257825
100	-0.267178

Método Adam-Bashforth por Euler Inverso
Ordem = 2
y(0.000000) = 25.000000
h = 1.000000
0	25.000000
1	23.189225
2	21.473062
3	19.916199
4	18.501987
5	17.215604
6	16.043853
7	14.974981
8	13.998516
9	13.105124
10	12.286484
11	11.535172
12	10.844566
13	10.208752
14	9.622447
15	9.080931
16	8.579983
17	8.115825
18	7.685076
19	7.284706
20	6.911998
21	6.564516
22	6.240070
23	5.936692
24	5.652613
25	5.386239
26	5.136132
27	4.900998
28	4.679664
29	4.471072
30	4.274262
31	4.088365
32	3.912592
33	3.746225
34	3.588611
35	3.439154
36	3.297312
37	3.162588
38	3.034525
39	2.912708
40	2.796753
41	2.686307
42	2.581045
43	2.480668
44	2.384899
45	2.293480
46	2.206174
47	2.122760
48	2.043032
49	1.966799
50	1.893882
51	1.824114
52	1.757339
53	1.693410
54	1.632190
55	1.573550
56	1.517369
57	1.463531
58	1.411930
59	1.362463
60	1.315034
61	1.269552
62	1.225931
63	1.184089
64	1.143948
65	1.105436
66	1.068482
67	1.033019
68	0.998984
69	0.966317
70	0.934961
71	0.904861
72	0.875964
73	0.848221
74	0.821584
75	0.796008
76	0.771449
77	0.747866
78	0.725219
79	0.703470
80	0.682582
81	0.662522
82	0.643255
83	0.624750
84	0.606976
85	0.589904
86	0.573506
87	0.557754
88	0.542624
89	0.528090
90	0.514128
91	0.500717
92	0.487833
93	0.475456
94	0.463566
95	0.452144
96	0.441171
97	0.430630
98	0.420503
99	0.410774
100	0.401427

Método Adam-Bashforth por Euler Inverso
Ordem = 3
y(0.000000) = 25.000000
h = 1.000000
0	25.000000
1	23.189225
2	21.547725
3	19.982550
4	18.560942
5	17.267977
6	16.090366
7	15.016276
8	14.035162
9	13.137628
10	12.315296
11	11.560692
12	10.867148
13	10.228712
14	9.640066
15	9.096458
16	8.593640
17	8.127810
18	7.695564
19	7.293853
20	6.919945
21	6.571385
22	6.245971
23	5.941725
24	5.656864
25	5.389787
26	5.139047
27	4.903341
28	4.681492
29	4.472433
30	4.275202
31	4.088922
32	3.912803
33	3.746121
34	3.588220
35	3.438503
36	3.296423
37	3.161481
38	3.033220
39	2.911221
40	2.795099
41	2.684499
42	2.579096
43	2.478588
44	2.382698
45	2.291168
46	2.203759
47	2.120249
48	2.040432
49	1.964116
50	1.891122
51	1.821282
52	1.754439
53	1.690447
54	1.629168
55	1.570472
56	1.514239
57	1.460352
58	1.408704
59	1.359193
60	1.311723
61	1.266202
62	1.222544
63	1.180667
64	1.140494
65	1.101950
66	1.064965
67	1.029474
68	0.995412
69	0.962720
70	0.931339
71	0.901215
72	0.872296
73	0.844532
74	0.817874
75	0.792279
76	0.767701
77	0.744101
78	0.721437
79	0.699671
80	0.678769
81	0.658693
82	0.639413
83	0.620894
84	0.603107
85	0.586022
86	0.569612
87	0.553849
88	0.538708
89	0.524163
90	0.510191
91	0.496770
92	0.483877
93	0.471491
94	0.459593
95	0.448163
96	0.437182
97	0.426633
98	0.416499
99	0.406763
100	0.397409

Método Adam-Bashforth por Euler Inverso
Ordem = 4
y(0.000000) = 25.000000
h = 1.000000
0	25.000000
1	23.189225
2	21.547725
3	20.057750
4	18.636967
5	17.344733
6	16.167773
7	15.094260
8	14.113660
9	13.216581
10	12.394654
11	11.640409
12	10.947185
13	10.309033
14	9.720640
15	9.177257
16	8.674638
17	8.208985
18	7.776897
19	7.375328
20	7.001544
21	6.653096
22	6.327781
23	6.023623
24	5.738842
25	5.471834
26	5.221158
27	4.985508
28	4.763708
29	4.554694
30	4.357503
31	4.171259
32	3.995171
33	3.828518
34	3.670643
35	3.520949
36	3.378890
37	3.243967
38	3.115722
39	2.993738
40	2.877629
41	2.767041
42	2.661649
43	2.561151
44	2.465270
45	2.373748
46	2.286346
47	2.202843
48	2.123033
49	2.046722
50	1.973733
51	1.903897
52	1.837059
53	1.773071
54	1.711795
55	1.653103
56	1.596872
57	1.542988
58	1.491343
59	1.441835
60	1.394367
61	1.348848
62	1.305192
63	1.263316
64	1.223144
65	1.184602
66	1.147619
67	1.112129
68	1.078068
69	1.045377
70	1.013997
71	0.983875
72	0.954957
73	0.927193
74	0.900537
75	0.874942
76	0.850365
77	0.826765
78	0.804102
79	0.782338
80	0.761435
81	0.741361
82	0.722080
83	0.703562
84	0.685776
85	0.668692
86	0.652282
87	0.636520
88	0.621379
89	0.606834
90	0.592863
91	0.579442
92	0.566549
93	0.554164
94	0.542266
95	0.530836
96	0.519856
97	0.509307
98	0.499173
99	0.489437
100	0.480084

Método Adam-Bashforth por Euler Inverso
Ordem = 5
y(0.000000) = 25.000000
h = 1.000000
0	25.000000
1	23.189225
2	21.547725
3	20.057750
4	18.703503
5	17.411184
6	16.234147
7	15.160567
8	14.179906
9	13.282775
10	12.460800
11	11.706513
12	11.013252
13	10.375067
14	9.786644
15	9.243235
16	8.740593
17	8.274920
18	7.842814
19	7.441228
20	7.067430
21	6.718969
22	6.393643
23	6.089475
24	5.804685
25	5.537670
26	5.286986
27	5.051330
28	4.829524
29	4.620506
30	4.423309
31	4.237062
32	4.060971
33	3.894314
34	3.736437
35	3.586740
36	3.444679
37	3.309754
38	3.181507
39	3.059521
40	2.943411
41	2.832822
42	2.727429
43	2.626930
44	2.531048
45	2.439526
46	2.352123
47	2.268619
48	2.188808
49	2.112497
50	2.039507
51	1.969671
52	1.902833
53	1.838844
54	1.777568
55	1.718876
56	1.662645
57	1.608761
58	1.557115
59	1.507607
60	1.460138
61	1.414619
62	1.370963
63	1.329088
64	1.288916
65	1.250373
66	1.213390
67	1.177900
68	1.143839
69	1.111148
70	1.079768
71	1.049645
72	1.020727
73	0.992964
74	0.966307
75	0.940713
76	0.916136
77	0.892536
78	0.869872
79	0.848108
80	0.827206
81	0.807131
82	0.787851
83	0.769333
84	0.751546
85	0.734462
86	0.718052
87	0.702290
88	0.687149
89	0.672604
90	0.658633
91	0.645212
92	0.632319
93	0.619934
94	0.608036
95	0.596606
96	0.585626
97	0.575077
98	0.564943
99	0.555207
100	0.545854

Método Adam-Bashforth por Euler Inverso
Ordem = 6
y(0.000000) = 25.000000
h = 1.000000
0	25.000000
1	23.189225
2	21.547725
3	20.057750
4	18.703503
5	17.470920
6	16.293893
7	15.220320
8	14.239667
9	13.342542
10	12.520572
11	11.766291
12	11.073035
13	10.434853
14	9.846434
15	9.303028
16	8.800389
17	8.334718
18	7.902614
19	7.501030
20	7.127234
21	6.778774
22	6.453450
23	6.149283
24	5.864494
25	5.597480
26	5.346796
27	5.111141
28	4.889337
29	4.680318
30	4.483123
31	4.296876
32	4.120785
33	3.954129
34	3.796252
35	3.646556
36	3.504494
37	3.369569
38	3.241323
39	3.119337
40	3.003227
41	2.892639
42	2.787246
43	2.686747
44	2.590865
45	2.499342
46	2.411940
47	2.328436
48	2.248625
49	2.172314
50	2.099324
51	2.029489
52	1.962650
53	1.898661
54	1.837386
55	1.778693
56	1.722462
57	1.668578
58	1.616933
59	1.567424
60	1.519956
61	1.474437
62	1.430780
63	1.388905
64	1.348733
65	1.310190
66	1.273207
67	1.237717
68	1.203657
69	1.170965
70	1.139586
71	1.109463
72	1.080545
73	1.052781
74	1.026125
75	1.000530
76	0.975953
77	0.952353
78	0.929690
79	0.907925
80	0.887023
81	0.866949
82	0.847668
83	0.829150
84	0.811364
85	0.794280
86	0.777870
87	0.762107
88	0.746966
89	0.732422
90	0.718451
91	0.705030
92	0.692137
93	0.679752
94	0.667854
95	0.656424
96	0.645443
97	0.634894
98	0.624760
99	0.615025
100	0.605671

Método Adam-Bashforth por Euler Inverso
Ordem = 7
y(0.000000) = 25.000000
h = 1.000000
0	25.000000
1	23.189225
2	21.547725
3	20.057750
4	18.703503
5	17.470920
6	16.347478
7	15.273905
8	14.293250
9	13.396124
10	12.574154
11	11.819872
12	11.126615
13	10.488434
14	9.900014
15	9.356607
16	8.853968
17	8.388297
18	7.956193
19	7.554609
20	7.180812
21	6.832352
22	6.507028
23	6.202861
24	5.918071
25	5.651057
26	5.400374
27	5.164718
28	4.942914
29	4.733895
30	4.536700
31	4.350453
32	4.174362
33	4.007706
34	3.849828
35	3.700132
36	3.558071
37	3.423146
38	3.294900
39	3.172914
40	3.056804
41	2.946215
42	2.840822
43	2.740324
44	2.644442
45	2.552919
46	2.465516
47	2.382013
48	2.302201
49	2.225890
50	2.152901
51	2.083065
52	2.016226
53	1.952238
54	1.890962
55	1.832269
56	1.776038
57	1.722154
58	1.670509
59	1.621000
60	1.573532
61	1.528013
62	1.484357
63	1.442481
64	1.402309
65	1.363767
66	1.326784
67	1.291294
68	1.257233
69	1.224542
70	1.193162
71	1.163039
72	1.134121
73	1.106358
74	1.079701
75	1.054106
76	1.029530
77	1.005930
78	0.983266
79	0.961502
80	0.940600
81	0.920525
82	0.901245
83	0.882726
84	0.864940
85	0.847856
86	0.831446
87	0.815684
88	0.800543
89	0.785998
90	0.772027
91	0.758606
92	0.745713
93	0.733328
94	0.721430
95	0.710000
96	0.699020
97	0.688471
98	0.678337
99	0.668601
100	0.659248

Método Adam-Bashforth por Euler Inverso
Ordem = 8
y(0.000000) = 25.000000
h = 1.000000
0	25.000000
1	23.189225
2	21.547725
3	20.057750
4	18.703503
5	17.470920
6	16.347478
7	15.322020
8	14.341366
9	13.444240
10	12.622270
11	11.867988
12	11.174731
13	10.536550
14	9.948130
15	9.404723
16	8.902084
17	8.436413
18	8.004309
19	7.602725
20	7.228928
21	6.880469
22	6.555144
23	6.250977
24	5.966188
25	5.699173
26	5.448490
27	5.212835
28	4.991030
29	4.782012
30	4.584816
31	4.398569
32	4.222478
33	4.055822
34	3.897945
35	3.748249
36	3.606187
37	3.471262
38	3.343016
39	3.221031
40	3.104920
41	2.994332
42	2.888939
43	2.788440
44	2.692558
45	2.601035
46	2.513633
47	2.430129
48	2.350318
49	2.274007
50	2.201017
51	2.131182
52	2.064343
53	2.000354
54	1.939079
55	1.880386
56	1.824155
57	1.770271
58	1.718625
59	1.669117
60	1.621649
61	1.576130
62	1.532473
63	1.490598
64	1.450426
65	1.411883
66	1.374900
67	1.339410
68	1.305350
69	1.272658
70	1.241279
71	1.211156
72	1.182238
73	1.154474
74	1.127818
75	1.102223
76	1.077646
77	1.054046
78	1.031383
79	1.009618
80	0.988716
81	0.968642
82	0.949361
83	0.930843
84	0.913057
85	0.895972
86	0.879563
87	0.863800
88	0.848659
89	0.834115
90	0.820143
91	0.806722
92	0.793830
93	0.781444
94	0.769547
95	0.758117
96	0.747136
97	0.736587
98	0.726453
99	0.716717
100	0.707364

Método Adam-Bashforth por Euler Aprimorado
Ordem = 2
y(0.000000) = 25.000000
h = 1.000000
0	25.000000
1	23.094612
2	21.378449
3	19.821587
4	18.407375
5	17.120992
6	15.949241
7	14.880369
8	13.903904
9	13.010512
10	12.191871
11	11.440560
12	10.749954
13	10.114140
14	9.527835
15	8.986319
16	8.485370
17	8.021212
18	7.590463
19	7.190093
20	6.817386
21	6.469904
22	6.145457
23	5.842080
24	5.558001
25	5.291626
26	5.041520
27	4.806386
28	4.585052
29	4.376459
30	4.179649
31	3.993753
32	3.817979
33	3.651612
34	3.493998
35	3.344542
36	3.202700
37	3.067975
38	2.939913
39	2.818096
40	2.702141
41	2.591695
42	2.486433
43	2.386056
44	2.290286
45	2.198867
46	2.111562
47	2.028147
48	1.948420
49	1.872187
50	1.799270
51	1.729502
52	1.662727
53	1.598798
54	1.537578
55	1.478938
56	1.422756
57	1.368919
58	1.317317
59	1.267850
60	1.220421
61	1.174940
62	1.131318
63	1.089477
64	1.049336
65	1.010824
66	0.973869
67	0.938406
68	0.904372
69	0.871705
70	0.840349
71	0.810248
72	0.781351
73	0.753608
74	0.726972
75	0.701395
76	0.676836
77	0.653253
78	0.630606
79	0.608857
80	0.587970
81	0.567910
82	0.548643
83	0.530138
84	0.512364
85	0.495292
86	0.478894
87	0.463142
88	0.448012
89	0.433477
90	0.419516
91	0.406104
92	0.393220
93	0.380844
94	0.368954
95	0.357532
96	0.346559
97	0.336018
98	0.325891
99	0.316162
100	0.306815

Método Adam-Bashforth por Euler Aprimorado
Ordem = 3
y(0.000000) = 25.000000
h = 1.000000
0	25.000000
1	23.094612
2	21.368475
3	19.803300
4	18.381692
5	17.088727
6	15.911116
7	14.837026
8	13.855912
9	12.958378
10	12.136046
11	11.381442
12	10.687898
13	10.049462
14	9.460816
15	8.917208
16	8.414390
17	7.948560
18	7.516314
19	7.114603
20	6.740695
21	6.392135
22	6.066721
23	5.762474
24	5.477614
25	5.210537
26	4.959797
27	4.724091
28	4.502242
29	4.293183
30	4.095951
31	3.909672
32	3.733553
33	3.566871
34	3.408970
35	3.259253
36	3.117173
37	2.982231
38	2.853970
39	2.731971
40	2.615848
41	2.505249
42	2.399846
43	2.299338
44	2.203448
45	2.111918
46	2.024509
47	1.940999
48	1.861182
49	1.784866
50	1.711872
51	1.642032
52	1.575189
53	1.511197
54	1.449918
55	1.391222
56	1.334989
57	1.281102
58	1.229454
59	1.179943
60	1.132473
61	1.086952
62	1.043294
63	1.001417
64	0.961243
65	0.922700
66	0.885715
67	0.850224
68	0.816162
69	0.783470
70	0.752089
71	0.721965
72	0.693046
73	0.665282
74	0.638624
75	0.613029
76	0.588451
77	0.564851
78	0.542187
79	0.520421
80	0.499519
81	0.479443
82	0.460163
83	0.441644
84	0.423857
85	0.406772
86	0.390362
87	0.374599
88	0.359458
89	0.344913
90	0.330941
91	0.317520
92	0.304627
93	0.292241
94	0.280343
95	0.268913
96	0.257932
97	0.247383
98	0.237249
99	0.227513
100	0.218159

Método Adam-Bashforth por Euler Aprimorado
Ordem = 4
y(0.000000) = 25.000000
h = 1.000000
0	25.000000
1	23.094612
2	21.368475
3	19.802737
4	18.381954
5	17.089721
6	15.912760
7	14.839248
8	13.858647
9	12.961569
10	12.139641
11	11.385397
12	10.692173
13	10.054021
14	9.465627
15	8.922244
16	8.419625
17	7.953973
18	7.521885
19	7.120315
20	6.746531
21	6.398083
22	6.072769
23	5.768611
24	5.483829
25	5.216822
26	4.966145
27	4.730495
28	4.508696
29	4.299682
30	4.102490
31	3.916247
32	3.740159
33	3.573505
34	3.415631
35	3.265937
36	3.123877
37	2.988954
38	2.860709
39	2.738725
40	2.622616
41	2.512029
42	2.406636
43	2.306139
44	2.210258
45	2.118736
46	2.031334
47	1.947831
48	1.868020
49	1.791709
50	1.718720
51	1.648885
52	1.582046
53	1.518058
54	1.456783
55	1.398090
56	1.341860
57	1.287976
58	1.236330
59	1.186822
60	1.139354
61	1.093835
62	1.050179
63	1.008304
64	0.968132
65	0.929589
66	0.892606
67	0.857116
68	0.823056
69	0.790364
70	0.758985
71	0.728862
72	0.699944
73	0.672180
74	0.645524
75	0.619929
76	0.595353
77	0.571753
78	0.549089
79	0.527325
80	0.506423
81	0.486348
82	0.467068
83	0.448550
84	0.430763
85	0.413679
86	0.397269
87	0.381507
88	0.366366
89	0.351822
90	0.337850
91	0.324429
92	0.311537
93	0.299151
94	0.287253
95	0.275823
96	0.264843
97	0.254294
98	0.244160
99	0.234424
100	0.225071

Método Adam-Bashforth por Euler Aprimorado
Ordem = 5
y(0.000000) = 25.000000
h = 1.000000
0	25.000000
1	23.094612
2	21.368475
3	19.802737
4	18.380626
5	17.088307
6	15.911271
7	14.837690
8	13.857030
9	12.959898
10	12.137923
11	11.383637
12	10.690376
13	10.052191
14	9.463768
15	8.920359
16	8.417717
17	7.952044
18	7.519938
19	7.118352
20	6.744554
21	6.396092
22	6.070767
23	5.766599
24	5.481808
25	5.214793
26	4.964109
27	4.728453
28	4.506648
29	4.297629
30	4.100433
31	3.914186
32	3.738094
33	3.571438
34	3.413560
35	3.263864
36	3.121802
37	2.986877
38	2.858631
39	2.736645
40	2.620534
41	2.509946
42	2.404552
43	2.304054
44	2.208172
45	2.116649
46	2.029247
47	1.945743
48	1.865931
49	1.789621
50	1.716631
51	1.646795
52	1.579956
53	1.515968
54	1.454692
55	1.395999
56	1.339768
57	1.285884
58	1.234239
59	1.184730
60	1.137262
61	1.091743
62	1.048087
63	1.006211
64	0.966039
65	0.927497
66	0.890513
67	0.855023
68	0.820963
69	0.788271
70	0.756892
71	0.726769
72	0.697851
73	0.670087
74	0.643431
75	0.617836
76	0.593259
77	0.569659
78	0.546996
79	0.525231
80	0.504329
81	0.484255
82	0.464974
83	0.446456
84	0.428670
85	0.411586
86	0.395176
87	0.379413
88	0.364272
89	0.349728
90	0.335757
91	0.322335
92	0.309443
93	0.297058
94	0.285160
95	0.273730
96	0.262749
97	0.252200
98	0.242066
99	0.232331
100	0.222977

Método Adam-Bashforth por Euler Aprimorado
Ordem = 6
y(0.000000) = 25.000000
h = 1.000000
0	25.000000
1	23.094612
2	21.368475
3	19.802737
4	18.380626
5	17.087212
6	15.910184
7	14.836612
8	13.855958
9	12.958833
10	12.136864
11	11.382583
12	10.689326
13	10.051145
14	9.462725
15	8.919319
16	8.416680
17	7.951010
18	7.518906
19	7.117322
20	6.743526
21	6.395066
22	6.069742
23	5.765575
24	5.480785
25	5.213771
26	4.963088
27	4.727433
28	4.505628
29	4.296610
30	4.099414
31	3.913167
32	3.737076
33	3.570420
34	3.412543
35	3.262847
36	3.120786
37	2.985861
38	2.857615
39	2.735629
40	2.619519
41	2.508930
42	2.403537
43	2.303038
44	2.207157
45	2.115634
46	2.028231
47	1.944728
48	1.864916
49	1.788606
50	1.715616
51	1.645780
52	1.578941
53	1.514953
54	1.453677
55	1.394985
56	1.338754
57	1.284869
58	1.233224
59	1.183715
60	1.136247
61	1.090728
62	1.047072
63	1.005197
64	0.965024
65	0.926482
66	0.889499
67	0.854009
68	0.819948
69	0.787257
70	0.755877
71	0.725754
72	0.696836
73	0.669073
74	0.642416
75	0.616821
76	0.592245
77	0.568645
78	0.545981
79	0.524217
80	0.503315
81	0.483240
82	0.463960
83	0.445442
84	0.427655
85	0.410571
86	0.394161
87	0.378399
88	0.363258
89	0.348713
90	0.334742
91	0.321321
92	0.308428
93	0.296043
94	0.284145
95	0.272715
96	0.261735
97	0.251186
98	0.241052
99	0.231316
100	0.221963

Método Adam-Bashforth por Euler Aprimorado
Ordem = 7
y(0.000000) = 25.000000
h = 1.000000
0	25.000000
1	23.094612
2	21.368475
3	19.802737
4	18.380626
5	17.087212
6	15.909199
7	14.835626
8	13.854971
9	12.957845
10	12.135875
11	11.381594
12	10.688336
13	10.050155
14	9.461735
15	8.918328
16	8.415689
17	7.950018
18	7.517914
19	7.116330
20	6.742533
21	6.394073
22	6.068749
23	5.764582
24	5.479792
25	5.212778
26	4.962095
27	4.726439
28	4.504635
29	4.295617
30	4.098421
31	3.912174
32	3.736083
33	3.569427
34	3.411550
35	3.261853
36	3.119792
37	2.984867
38	2.856621
39	2.734635
40	2.618525
41	2.507936
42	2.402543
43	2.302045
44	2.206163
45	2.114640
46	2.027237
47	1.943734
48	1.863922
49	1.787612
50	1.714622
51	1.644786
52	1.577947
53	1.513959
54	1.452683
55	1.393991
56	1.337760
57	1.283875
58	1.232230
59	1.182722
60	1.135253
61	1.089734
62	1.046078
63	1.004203
64	0.964031
65	0.925488
66	0.888505
67	0.853015
68	0.818954
69	0.786263
70	0.754883
71	0.724760
72	0.695842
73	0.668079
74	0.641422
75	0.615828
76	0.591251
77	0.567651
78	0.544987
79	0.523223
80	0.502321
81	0.482246
82	0.462966
83	0.444448
84	0.426661
85	0.409577
86	0.393167
87	0.377405
88	0.362264
89	0.347719
90	0.333748
91	0.320327
92	0.307434
93	0.295049
94	0.283151
95	0.271721
96	0.260741
97	0.250192
98	0.240058
99	0.230322
100	0.220969

Método Adam-Bashforth por Euler Aprimorado
Ordem = 8
y(0.000000) = 25.000000
h = 1.000000
0	25.000000
1	23.094612
2	21.368475
3	19.802737
4	18.380626
5	17.087212
6	15.909199
7	14.834749
8	13.854095
9	12.956969
10	12.134999
11	11.380717
12	10.687460
13	10.049278
14	9.460859
15	8.917452
16	8.414813
17	7.949142
18	7.517038
19	7.115454
20	6.741657
21	6.393197
22	6.067873
23	5.763706
24	5.478916
25	5.211902
26	4.961219
27	4.725564
28	4.503759
29	4.294741
30	4.097545
31	3.911298
32	3.735207
33	3.568551
34	3.410674
35	3.260978
36	3.118916
37	2.983991
38	2.855745
39	2.733759
40	2.617649
41	2.507060
42	2.401667
43	2.301169
44	2.205287
45	2.113764
46	2.026362
47	1.942858
48	1.863047
49	1.786736
50	1.713746
51	1.643910
52	1.577072
53	1.513083
54	1.451807
55	1.393115
56	1.336884
57	1.283000
58	1.231354
59	1.181846
60	1.134378
61	1.088858
62	1.045202
63	1.003327
64	0.963155
65	0.924612
66	0.887629
67	0.852139
68	0.818079
69	0.785387
70	0.754007
71	0.723885
72	0.694966
73	0.667203
74	0.640547
75	0.614952
76	0.590375
77	0.566775
78	0.544112
79	0.522347
80	0.501445
81	0.481370
82	0.462090
83	0.443572
84	0.425785
85	0.408701
86	0.392291
87	0.376529
88	0.361388
89	0.346844
90	0.332872
91	0.319451
92	0.306559
93	0.294173
94	0.282275
95	0.270845
96	0.259865
97	0.249316
98	0.239182
99	0.229446
100	0.220093

Método Adam-Bashforth por Runge Kutta
Ordem = 2
y(0.000000) = 25.000000
h = 1.000000
0	25.000000
1	23.096373
2	21.380210
3	19.823348
4	18.409136
5	17.122753
6	15.951002
7	14.882130
8	13.905665
9	13.012273
10	12.193632
11	11.442321
12	10.751715
13	10.115901
14	9.529596
15	8.988080
16	8.487131
17	8.022973
18	7.592224
19	7.191854
20	6.819147
21	6.471665
22	6.147218
23	5.843841
24	5.559762
25	5.293387
26	5.043281
27	4.808147
28	4.586813
29	4.378220
30	4.181410
31	3.995514
32	3.819740
33	3.653373
34	3.495759
35	3.346303
36	3.204461
37	3.069736
38	2.941674
39	2.819857
40	2.703902
41	2.593456
42	2.488194
43	2.387817
44	2.292047
45	2.200629
46	2.113323
47	2.029909
48	1.950181
49	1.873948
50	1.801031
51	1.731263
52	1.664488
53	1.600559
54	1.539339
55	1.480699
56	1.424517
57	1.370680
58	1.319078
59	1.269611
60	1.222182
61	1.176701
62	1.133080
63	1.091238
64	1.051097
65	1.012585
66	0.975630
67	0.940167
68	0.906133
69	0.873466
70	0.842110
71	0.812009
72	0.783113
73	0.755369
74	0.728733
75	0.703156
76	0.678597
77	0.655014
78	0.632367
79	0.610618
80	0.589731
81	0.569671
82	0.550404
83	0.531899
84	0.514125
85	0.497053
86	0.480655
87	0.464903
88	0.449773
89	0.435239
90	0.421277
91	0.407865
92	0.394981
93	0.382605
94	0.370715
95	0.359293
96	0.348320
97	0.337779
98	0.327652
99	0.317923
100	0.308576

Método Adam-Bashforth por Runge Kutta
Ordem = 3
y(0.000000) = 25.000000
h = 1.000000
0	25.000000
1	23.096373
2	21.371802
3	19.806628
4	18.385020
5	17.092055
6	15.914444
7	14.840354
8	13.859240
9	12.961706
10	12.139374
11	11.384770
12	10.691226
13	10.052790
14	9.464144
15	8.920536
16	8.417718
17	7.951888
18	7.519642
19	7.117931
20	6.744022
21	6.395462
22	6.070049
23	5.765802
24	5.480942
25	5.213864
26	4.963125
27	4.727419
28	4.505569
29	4.296511
30	4.099279
31	3.913000
32	3.736880
33	3.570198
34	3.412298
35	3.262581
36	3.120501
37	2.985559
38	2.857298
39	2.735299
40	2.619176
41	2.508577
42	2.403173
43	2.302666
44	2.206776
45	2.115246
46	2.027836
47	1.944327
48	1.864510
49	1.788194
50	1.715200
51	1.645359
52	1.578517
53	1.514525
54	1.453246
55	1.394550
56	1.338316
57	1.284430
58	1.232782
59	1.183271
60	1.135801
61	1.090280
62	1.046622
63	1.004745
64	0.964571
65	0.926027
66	0.889043
67	0.853552
68	0.819490
69	0.786797
70	0.755417
71	0.725293
72	0.696374
73	0.668609
74	0.641952
75	0.616357
76	0.591779
77	0.568178
78	0.545514
79	0.523749
80	0.502846
81	0.482771
82	0.463490
83	0.444972
84	0.427185
85	0.410100
86	0.393690
87	0.377927
88	0.362785
89	0.348241
90	0.334269
91	0.320848
92	0.307955
93	0.295569
94	0.283671
95	0.272241
96	0.261260
97	0.250711
98	0.240576
99	0.230840
100	0.221487

Método Adam-Bashforth por Runge Kutta
Ordem = 4
y(0.000000) = 25.000000
h = 1.000000
0	25.000000
1	23.096373
2	21.371802
3	19.807459
4	18.386676
5	17.094443
6	15.917482
7	14.843970
8	13.863369
9	12.966291
10	12.144363
11	11.390119
12	10.696895
13	10.058743
14	9.470349
15	8.926966
16	8.424347
17	7.958695
18	7.526607
19	7.125037
20	6.751253
21	6.402805
22	6.077491
23	5.773332
24	5.488551
25	5.221544
26	4.970867
27	4.735217
28	4.513418
29	4.304404
30	4.107212
31	3.920969
32	3.744881
33	3.578227
34	3.420353
35	3.270659
36	3.128599
37	2.993676
38	2.865431
39	2.743447
40	2.627338
41	2.516750
42	2.411358
43	2.310861
44	2.214980
45	2.123458
46	2.036056
47	1.952553
48	1.872742
49	1.796431
50	1.723442
51	1.653607
52	1.586768
53	1.522780
54	1.461505
55	1.402812
56	1.346582
57	1.292698
58	1.241052
59	1.191544
60	1.144076
61	1.098557
62	1.054901
63	1.013026
64	0.972854
65	0.934311
66	0.897328
67	0.861838
68	0.827778
69	0.795086
70	0.763707
71	0.733584
72	0.704666
73	0.676902
74	0.650246
75	0.624651
76	0.600075
77	0.576475
78	0.553811
79	0.532047
80	0.511145
81	0.491070
82	0.471790
83	0.453272
84	0.435485
85	0.418401
86	0.401991
87	0.386229
88	0.371088
89	0.356544
90	0.342572
91	0.329151
92	0.316259
93	0.303873
94	0.291975
95	0.280545
96	0.269565
97	0.259016
98	0.248882
99	0.239146
100	0.229793

Método Adam-Bashforth por Runge Kutta
Ordem = 5
y(0.000000) = 25.000000
h = 1.000000
0	25.000000
1	23.096373
2	21.371802
3	19.807459
4	18.386589
5	17.094270
6	15.917234
7	14.843653
8	13.862993
9	12.965861
10	12.143886
11	11.389600
12	10.696339
13	10.058154
14	9.469731
15	8.926321
16	8.423680
17	7.958007
18	7.525901
19	7.124315
20	6.750517
21	6.402055
22	6.076730
23	5.772562
24	5.487771
25	5.220756
26	4.970072
27	4.734416
28	4.512611
29	4.303592
30	4.106396
31	3.920149
32	3.744057
33	3.577401
34	3.419523
35	3.269827
36	3.127765
37	2.992840
38	2.864594
39	2.742608
40	2.626497
41	2.515909
42	2.410515
43	2.310017
44	2.214135
45	2.122612
46	2.035209
47	1.951706
48	1.871894
49	1.795583
50	1.722594
51	1.652758
52	1.585919
53	1.521931
54	1.460655
55	1.401962
56	1.345731
57	1.291847
58	1.240202
59	1.190693
60	1.143225
61	1.097706
62	1.054049
63	1.012174
64	0.972002
65	0.933459
66	0.896476
67	0.860986
68	0.826926
69	0.794234
70	0.762855
71	0.732732
72	0.703814
73	0.676050
74	0.649394
75	0.623799
76	0.599222
77	0.575622
78	0.552959
79	0.531194
80	0.510292
81	0.490218
82	0.470937
83	0.452419
84	0.434633
85	0.417548
86	0.401139
87	0.385376
88	0.370235
89	0.355691
90	0.341719
91	0.328298
92	0.315406
93	0.303020
94	0.291123
95	0.279693
96	0.268712
97	0.258163
98	0.248029
99	0.238293
100	0.228940

Método Adam-Bashforth por Runge Kutta
Ordem = 6
y(0.000000) = 25.000000
h = 1.000000
0	25.000000
1	23.096373
2	21.371802
3	19.807459
4	18.386589
5	17.094279
6	15.917252
7	14.843680
8	13.863026
9	12.965901
10	12.143932
11	11.389651
12	10.696394
13	10.058213
14	9.469793
15	8.926387
16	8.423748
17	7.958078
18	7.525974
19	7.124390
20	6.750593
21	6.402134
22	6.076810
23	5.772642
24	5.487853
25	5.220839
26	4.970156
27	4.734501
28	4.512696
29	4.303678
30	4.106482
31	3.920235
32	3.744144
33	3.577488
34	3.419611
35	3.269915
36	3.127854
37	2.992929
38	2.864683
39	2.742697
40	2.626587
41	2.515998
42	2.410605
43	2.310106
44	2.214224
45	2.122702
46	2.035299
47	1.951796
48	1.871984
49	1.795673
50	1.722684
51	1.652848
52	1.586009
53	1.522021
54	1.460745
55	1.402052
56	1.345821
57	1.291937
58	1.240292
59	1.190783
60	1.143315
61	1.097796
62	1.054140
63	1.012264
64	0.972092
65	0.933550
66	0.896567
67	0.861077
68	0.827016
69	0.794325
70	0.762945
71	0.732822
72	0.703904
73	0.676141
74	0.649484
75	0.623889
76	0.599313
77	0.575713
78	0.553049
79	0.531285
80	0.510383
81	0.490308
82	0.471028
83	0.452509
84	0.434723
85	0.417639
86	0.401229
87	0.385467
88	0.370325
89	0.355781
90	0.341810
91	0.328389
92	0.315496
93	0.303111
94	0.291213
95	0.279783
96	0.268803
97	0.258254
98	0.248120
99	0.238384
100	0.229031

Método Adam-Bashforth por Runge Kutta
Ordem = 7
y(0.000000) = 25.000000
h = 1.000000
0	25.000000
1	23.096373
2	21.371802
3	19.807459
4	18.386589
5	17.094279
6	15.917251
7	14.843678
8	13.863023
9	12.965897
10	12.143927
11	11.389646
12	10.696388
13	10.058207
14	9.469787
15	8.926380
16	8.423741
17	7.958070
18	7.525966
19	7.124382
20	6.750585
21	6.402125
22	6.076801
23	5.772634
24	5.487844
25	5.220830
26	4.970147
27	4.734491
28	4.512687
29	4.303669
30	4.106473
31	3.920226
32	3.744135
33	3.577479
34	3.419602
35	3.269905
36	3.127844
37	2.992919
38	2.864673
39	2.742687
40	2.626577
41	2.515988
42	2.410595
43	2.310097
44	2.214215
45	2.122692
46	2.035290
47	1.951786
48	1.871975
49	1.795664
50	1.722674
51	1.652838
52	1.585999
53	1.522011
54	1.460735
55	1.402043
56	1.345812
57	1.291927
58	1.240282
59	1.190774
60	1.143305
61	1.097786
62	1.054130
63	1.012255
64	0.972083
65	0.933540
66	0.896557
67	0.861067
68	0.827006
69	0.794315
70	0.762935
71	0.732812
72	0.703894
73	0.676131
74	0.649474
75	0.623880
76	0.599303
77	0.575703
78	0.553039
79	0.531275
80	0.510373
81	0.490298
82	0.471018
83	0.452500
84	0.434713
85	0.417629
86	0.401219
87	0.385457
88	0.370316
89	0.355771
90	0.341800
91	0.328379
92	0.315486
93	0.303101
94	0.291203
95	0.279773
96	0.268793
97	0.258244
98	0.248110
99	0.238374
100	0.229021

Método Adam-Bashforth por Runge Kutta
Ordem = 8
y(0.000000) = 25.000000
h = 1.000000
0	25.000000
1	23.096373
2	21.371802
3	19.807459
4	18.386589
5	17.094279
6	15.917251
7	14.843678
8	13.863024
9	12.965898
10	12.143928
11	11.389646
12	10.696389
13	10.058207
14	9.469788
15	8.926381
16	8.423742
17	7.958071
18	7.525967
19	7.124382
20	6.750586
21	6.402126
22	6.076802
23	5.772635
24	5.487845
25	5.220831
26	4.970148
27	4.734492
28	4.512688
29	4.303669
30	4.106474
31	3.920227
32	3.744136
33	3.577480
34	3.419603
35	3.269906
36	3.127845
37	2.992920
38	2.864674
39	2.742688
40	2.626578
41	2.515989
42	2.410596
43	2.310098
44	2.214216
45	2.122693
46	2.035291
47	1.951787
48	1.871976
49	1.795665
50	1.722675
51	1.652839
52	1.586000
53	1.522012
54	1.460736
55	1.402044
56	1.345813
57	1.291928
58	1.240283
59	1.190775
60	1.143306
61	1.097787
62	1.054131
63	1.012256
64	0.972084
65	0.933541
66	0.896558
67	0.861068
68	0.827007
69	0.794316
70	0.762936
71	0.732813
72	0.703895
73	0.676132
74	0.649475
75	0.623881
76	0.599304
77	0.575704
78	0.553040
79	0.531276
80	0.510374
81	0.490299
82	0.471019
83	0.452501
84	0.434714
85	0.417630
86	0.401220
87	0.385458
88	0.370317
89	0.355772
90	0.341801
91	0.328380
92	0.315487
93	0.303102
94	0.291204
95	0.279774
96	0.268794
97	0.258245
98	0.248111
99	0.238375
100	0.229022

Método Adam-Moulton por Euler
Ordem = 2
y(0.000000) = 25.000000
h = 1.000000
0	25.000000
1	23.094612
2	21.368475
3	19.802737
4	18.380626
5	17.087212
6	15.909199
7	14.834749
8	13.853313
9	12.955491
10	12.132899
11	11.378063
12	10.684311
13	10.045687
14	9.456872
15	8.913112
16	8.410157
17	7.944203
18	7.511845
19	7.110033
20	6.736033
21	6.387390
22	6.061901
23	5.757585
24	5.472663
25	5.205528
26	4.954736
27	4.718983
28	4.497090
29	4.287991
30	4.090723
31	3.904410
32	3.728259
33	3.561548
34	3.403621
35	3.253880
36	3.111777
37	2.976814
38	2.848533
39	2.726515
40	2.610375
41	2.499759
42	2.394341
43	2.293820
44	2.197916
45	2.106374
46	2.018953
47	1.935432
48	1.855604
49	1.779279
50	1.706275
51	1.636426
52	1.569575
53	1.505575
54	1.444289
55	1.385586
56	1.329346
57	1.275452
58	1.223799
59	1.174282
60	1.126806
61	1.081280
62	1.037617
63	0.995735
64	0.955557
65	0.917008
66	0.880020
67	0.844524
68	0.810459
69	0.777763
70	0.746378
71	0.716251
72	0.687329
73	0.659561
74	0.632901
75	0.607303
76	0.582723
77	0.559119
78	0.536453
79	0.514685
80	0.493780
81	0.473703
82	0.454420
83	0.435899
84	0.418110
85	0.401024
86	0.384612
87	0.368847
88	0.353704
89	0.339158
90	0.325184
91	0.311761
92	0.298867
93	0.286480
94	0.274581
95	0.263149
96	0.252167
97	0.241617
98	0.231481
99	0.221744
100	0.212390

Método Adam-Moulton por Euler
Ordem = 3
y(0.000000) = 25.000000
h = 1.000000
0	25.000000
1	23.000000
2	21.275525
3	19.711267
4	18.290472
5	16.998229
6	15.821260
7	14.747740
8	13.767133
9	12.870048
10	12.048116
11	11.293867
12	10.600639
13	9.962483
14	9.374087
15	8.830701
16	8.328080
17	7.862425
18	7.430336
19	7.028764
20	6.654979
21	6.306530
22	5.981214
23	5.677055
24	5.392273
25	5.125265
26	4.874588
27	4.638938
28	4.417138
29	4.208124
30	4.010932
31	3.824688
32	3.648600
33	3.481947
34	3.324072
35	3.174378
36	3.032318
37	2.897395
38	2.769150
39	2.647166
40	2.531057
41	2.420470
42	2.315078
43	2.214580
44	2.118699
45	2.027177
46	1.939775
47	1.856272
48	1.776461
49	1.700151
50	1.627162
51	1.557327
52	1.490488
53	1.426500
54	1.365225
55	1.306532
56	1.250302
57	1.196418
58	1.144773
59	1.095264
60	1.047796
61	1.002277
62	0.958621
63	0.916746
64	0.876574
65	0.838032
66	0.801049
67	0.765559
68	0.731499
69	0.698807
70	0.667428
71	0.637305
72	0.608387
73	0.580624
74	0.553967
75	0.528373
76	0.503796
77	0.480196
78	0.457533
79	0.435768
80	0.414866
81	0.394792
82	0.375511
83	0.356993
84	0.339207
85	0.322123
86	0.305713
87	0.289950
88	0.274809
89	0.260265
90	0.246294
91	0.232873
92	0.219980
93	0.207595
94	0.195697
95	0.184267
96	0.173287
97	0.162738
98	0.152604
99	0.142868
100	0.133515

Método Adam-Moulton por Euler
Ordem = 4
y(0.000000) = 25.000000
h = 1.000000
0	25.000000
1	23.000000
2	21.189225
3	19.624875
4	18.203999
5	16.911684
6	15.734651
7	14.661073
8	13.680416
9	12.783286
10	11.961314
11	11.207029
12	10.513770
13	9.875586
14	9.287165
15	8.743756
16	8.241116
17	7.775444
18	7.343338
19	6.941753
20	6.567956
21	6.219495
22	5.894170
23	5.590002
24	5.305212
25	5.038197
26	4.787514
27	4.551858
28	4.330053
29	4.121035
30	3.923839
31	3.737591
32	3.561500
33	3.394844
34	3.236967
35	3.087270
36	2.945209
37	2.810283
38	2.682037
39	2.560051
40	2.443941
41	2.333352
42	2.227959
43	2.127461
44	2.031579
45	1.940056
46	1.852653
47	1.769150
48	1.689338
49	1.613027
50	1.540038
51	1.470202
52	1.403363
53	1.339375
54	1.278099
55	1.219406
56	1.163175
57	1.109291
58	1.057646
59	1.008137
60	0.960669
61	0.915150
62	0.871494
63	0.829618
64	0.789446
65	0.750904
66	0.713921
67	0.678430
68	0.644370
69	0.611678
70	0.580299
71	0.550176
72	0.521258
73	0.493494
74	0.466838
75	0.441243
76	0.416666
77	0.393066
78	0.370403
79	0.348638
80	0.327736
81	0.307662
82	0.288381
83	0.269863
84	0.252077
85	0.234993
86	0.218583
87	0.202820
88	0.187679
89	0.173135
90	0.159164
91	0.145743
92	0.132850
93	0.120465
94	0.108567
95	0.097137
96	0.086156
97	0.075607
98	0.065473
99	0.055738
100	0.046384

Método Adam-Moulton por Euler
Ordem = 5
y(0.000000) = 25.000000
h = 1.000000
0	25.000000
1	23.000000
2	21.189225
3	19.547725
4	18.795275
5	18.110495
6	17.486418
7	16.916834
8	16.396212
9	15.919620
10	15.482663
11	15.081416
12	14.712380
13	14.372428
14	14.058767
15	13.768900
16	13.500595
17	13.251853
18	13.020884
19	12.806085
20	12.606018
21	12.419391
22	12.245044
23	12.081935
24	11.929126
25	11.785771
26	11.651108
27	11.524448
28	11.405171
29	11.292713
30	11.186565
31	11.086264
32	10.991391
33	10.901563
34	10.816434
35	10.735686
36	10.659028
37	10.586197
38	10.516949
39	10.451062
40	10.388330
41	10.328566
42	10.271595
43	10.217258
44	10.165405
45	10.115900
46	10.068614
47	10.023430
48	9.980236
49	9.938930
50	9.899417
51	9.861605
52	9.825412
53	9.790758
54	9.757570
55	9.725778
56	9.695316
57	9.666123
58	9.638140
59	9.611314
60	9.585591
61	9.560923
62	9.537263
63	9.514567
64	9.492793
65	9.471901
66	9.451854
67	9.432615
68	9.414150
69	9.396427
70	9.379415
71	9.363083
72	9.347405
73	9.332351
74	9.317898
75	9.304020
76	9.290694
77	9.277897
78	9.265608
79	9.253806
80	9.242472
81	9.231586
82	9.221131
83	9.211089
84	9.201443
85	9.192179
86	9.183280
87	9.174732
88	9.166521
89	9.158633
90	9.151056
91	9.143778
92	9.136786
93	9.130069
94	9.123617
95	9.117418
96	9.111463
97	9.105742
98	9.100246
99	9.094966
100	9.089893

Método Adam-Moulton por Euler
Ordem = 6
y(0.000000) = 25.000000
h = 1.000000
0	25.000000
1	23.000000
2	21.189225
3	19.547725
4	18.057750
5	16.765440
6	15.588412
7	14.514838
8	13.534184
9	12.637058
10	11.815088
11	11.060807
12	10.367549
13	9.729368
14	9.140948
15	8.597541
16	8.094902
17	7.629231
18	7.197127
19	6.795543
20	6.421746
21	6.073286
22	5.747962
23	5.443795
24	5.159005
25	4.891991
26	4.641308
27	4.405653
28	4.183848
29	3.974830
30	3.777634
31	3.591387
32	3.415296
33	3.248640
34	3.090763
35	2.941067
36	2.799005
37	2.664080
38	2.535834
39	2.413848
40	2.297738
41	2.187149
42	2.081756
43	1.981258
44	1.885376
45	1.793853
46	1.706451
47	1.622947
48	1.543136
49	1.466825
50	1.393835
51	1.323999
52	1.257161
53	1.193172
54	1.131896
55	1.073204
56	1.016973
57	0.963089
58	0.911443
59	0.861935
60	0.814467
61	0.768947
62	0.725291
63	0.683416
64	0.643244
65	0.604701
66	0.567718
67	0.532228
68	0.498167
69	0.465476
70	0.434096
71	0.403974
72	0.375055
73	0.347292
74	0.320636
75	0.295041
76	0.270464
77	0.246864
78	0.224201
79	0.202436
80	0.181534
81	0.161459
82	0.142179
83	0.123661
84	0.105874
85	0.088790
86	0.072380
87	0.056618
88	0.041477
89	0.026933
90	0.012961
91	-0.000460
92	-0.013352
93	-0.025738
94	-0.037636
95	-0.049066
96	-0.060046
97	-0.070595
98	-0.080729
99	-0.090465
100	-0.099818

Método Adam-Moulton por Euler
Ordem = 7
y(0.000000) = 25.000000
h = 1.000000
0	25.000000
1	23.000000
2	21.189225
3	19.547725
4	18.057750
5	16.703503
6	15.526475
7	14.452901
8	13.472247
9	12.575121
10	11.753151
11	10.998870
12	10.305613
13	9.667431
14	9.079011
15	8.535605
16	8.032965
17	7.567294
18	7.135190
19	6.733606
20	6.359810
21	6.011350
22	5.686025
23	5.381858
24	5.097069
25	4.830055
26	4.579371
27	4.343716
28	4.121911
29	3.912893
30	3.715697
31	3.529450
32	3.353359
33	3.186703
34	3.028826
35	2.879130
36	2.737069
37	2.602143
38	2.473897
39	2.351912
40	2.235801
41	2.125213
42	2.019820
43	1.919321
44	1.823439
45	1.731917
46	1.644514
47	1.561010
48	1.481199
49	1.404888
50	1.331899
51	1.262063
52	1.195224
53	1.131236
54	1.069960
55	1.011267
56	0.955036
57	0.901152
58	0.849507
59	0.799998
60	0.752530
61	0.707011
62	0.663355
63	0.621479
64	0.581307
65	0.542765
66	0.505782
67	0.470291
68	0.436231
69	0.403539
70	0.372160
71	0.342037
72	0.313119
73	0.285355
74	0.258699
75	0.233104
76	0.208527
77	0.184927
78	0.162264
79	0.140499
80	0.119597
81	0.099523
82	0.080242
83	0.061724
84	0.043938
85	0.026854
86	0.010444
87	-0.005319
88	-0.020460
89	-0.035004
90	-0.048975
91	-0.062396
92	-0.075289
93	-0.087674
94	-0.099572
95	-0.111002
96	-0.121983
97	-0.132531
98	-0.142666
99	-0.152401
100	-0.161755

Método Adam-Moulton por Euler
Ordem = 8
y(0.000000) = 25.000000
h = 1.000000
0	25.000000
1	23.000000
2	21.189225
3	19.547725
4	18.057750
5	16.703503
6	15.470920
7	14.397347
8	13.416693
9	12.519567
10	11.697597
11	10.943315
12	10.250058
13	9.611876
14	9.023457
15	8.480050
16	7.977411
17	7.511740
18	7.079636
19	6.678052
20	6.304255
21	5.955795
22	5.630471
23	5.326304
24	5.041514
25	4.774500
26	4.523817
27	4.288161
28	4.066357
29	3.857339
30	3.660143
31	3.473896
32	3.297805
33	3.131149
34	2.973272
35	2.823575
36	2.681514
37	2.546589
38	2.418343
39	2.296357
40	2.180247
41	2.069658
42	1.964265
43	1.863767
44	1.767885
45	1.676362
46	1.588960
47	1.505456
48	1.425645
49	1.349334
50	1.276344
51	1.206508
52	1.139670
53	1.075681
54	1.014405
55	0.955713
56	0.899482
57	0.845598
58	0.793952
59	0.744444
60	0.696975
61	0.651456
62	0.607800
63	0.565925
64	0.525753
65	0.487210
66	0.450227
67	0.414737
68	0.380676
69	0.347985
70	0.316605
71	0.286482
72	0.257564
73	0.229801
74	0.203144
75	0.177550
76	0.152973
77	0.129373
78	0.106710
79	0.084945
80	0.064043
81	0.043968
82	0.024688
83	0.006170
84	-0.011617
85	-0.028701
86	-0.045111
87	-0.060873
88	-0.076014
89	-0.090559
90	-0.104530
91	-0.117951
92	-0.130844
93	-0.143229
94	-0.155127
95	-0.166557
96	-0.177537
97	-0.188086
98	-0.198220
99	-0.207956
100	-0.217309

Método Adam-Moulton por Euler Inverso
Ordem = 2
y(0.000000) = 25.000000
h = 1.000000
0	25.000000
1	23.094612
2	21.368475
3	19.802737
4	18.380626
5	17.087212
6	15.909199
7	14.834749
8	13.853313
9	12.955491
10	12.132899
11	11.378063
12	10.684311
13	10.045687
14	9.456872
15	8.913112
16	8.410157
17	7.944203
18	7.511845
19	7.110033
20	6.736033
21	6.387390
22	6.061901
23	5.757585
24	5.472663
25	5.205528
26	4.954736
27	4.718983
28	4.497090
29	4.287991
30	4.090723
31	3.904410
32	3.728259
33	3.561548
34	3.403621
35	3.253880
36	3.111777
37	2.976814
38	2.848533
39	2.726515
40	2.610375
41	2.499759
42	2.394341
43	2.293820
44	2.197916
45	2.106374
46	2.018953
47	1.935432
48	1.855604
49	1.779279
50	1.706275
51	1.636426
52	1.569575
53	1.505575
54	1.444289
55	1.385586
56	1.329346
57	1.275452
58	1.223799
59	1.174282
60	1.126806
61	1.081280
62	1.037617
63	0.995735
64	0.955557
65	0.917008
66	0.880020
67	0.844524
68	0.810459
69	0.777763
70	0.746378
71	0.716251
72	0.687329
73	0.659561
74	0.632901
75	0.607303
76	0.582723
77	0.559119
78	0.536453
79	0.514685
80	0.493780
81	0.473703
82	0.454420
83	0.435899
84	0.418110
85	0.401024
86	0.384612
87	0.368847
88	0.353704
89	0.339158
90	0.325184
91	0.311761
92	0.298867
93	0.286480
94	0.274581
95	0.263149
96	0.252167
97	0.241617
98	0.231481
99	0.221744
100	0.212390

Método Adam-Moulton por Euler Inverso
Ordem = 3
y(0.000000) = 25.000000
h = 1.000000
0	25.000000
1	23.189225
2	21.464749
3	19.900491
4	18.479697
5	17.187454
6	16.010485
7	14.936965
8	13.956357
9	13.059273
10	12.237340
11	11.483091
12	10.789864
13	10.151708
14	9.563311
15	9.019925
16	8.517305
17	8.051650
18	7.619560
19	7.217989
20	6.844204
21	6.495754
22	6.170439
23	5.866280
24	5.581498
25	5.314490
26	5.063813
27	4.828162
28	4.606362
29	4.397348
30	4.200156
31	4.013913
32	3.837825
33	3.671171
34	3.513296
35	3.363602
36	3.221543
37	3.086620
38	2.958375
39	2.836391
40	2.720282
41	2.609694
42	2.504302
43	2.403805
44	2.307924
45	2.216402
46	2.129000
47	2.045497
48	1.965686
49	1.889376
50	1.816387
51	1.746551
52	1.679713
53	1.615725
54	1.554449
55	1.495757
56	1.439526
57	1.385642
58	1.333997
59	1.284489
60	1.237021
61	1.191502
62	1.147846
63	1.105971
64	1.065799
65	1.027257
66	0.990274
67	0.954784
68	0.920723
69	0.888032
70	0.856652
71	0.826530
72	0.797612
73	0.769848
74	0.743192
75	0.717597
76	0.693021
77	0.669421
78	0.646757
79	0.624993
80	0.604091
81	0.584016
82	0.564736
83	0.546218
84	0.528431
85	0.511347
86	0.494938
87	0.479175
88	0.464034
89	0.449490
90	0.435519
91	0.422098
92	0.409205
93	0.396820
94	0.384922
95	0.373492
96	0.362511
97	0.351963
98	0.341829
99	0.332093
100	0.322740

Método Adam-Moulton por Euler Inverso
Ordem = 4
y(0.000000) = 25.000000
h = 1.000000
0	25.000000
1	23.189225
2	21.547725
3	19.983375
4	18.562499
5	17.270184
6	16.093151
7	15.019574
8	14.038916
9	13.141786
10	12.319814
11	11.565529
12	10.872270
13	10.234086
14	9.645665
15	9.102257
16	8.599616
17	8.133944
18	7.701838
19	7.300253
20	6.926456
21	6.577995
22	6.252670
23	5.948502
24	5.663712
25	5.396697
26	5.146014
27	4.910358
28	4.688553
29	4.479535
30	4.282339
31	4.096091
32	3.920000
33	3.753344
34	3.595467
35	3.445770
36	3.303709
37	3.168783
38	3.040537
39	2.918552
40	2.802441
41	2.691852
42	2.586459
43	2.485961
44	2.390079
45	2.298556
46	2.211153
47	2.127650
48	2.047838
49	1.971527
50	1.898538
51	1.828702
52	1.761863
53	1.697875
54	1.636599
55	1.577906
56	1.521675
57	1.467791
58	1.416146
59	1.366637
60	1.319169
61	1.273650
62	1.229994
63	1.188118
64	1.147946
65	1.109404
66	1.072421
67	1.036930
68	1.002870
69	0.970178
70	0.938799
71	0.908676
72	0.879758
73	0.851994
74	0.825338
75	0.799743
76	0.775166
77	0.751566
78	0.728903
79	0.707138
80	0.686236
81	0.666162
82	0.646881
83	0.628363
84	0.610577
85	0.593493
86	0.577083
87	0.561320
88	0.546179
89	0.531635
90	0.517664
91	0.504243
92	0.491350
93	0.478965
94	0.467067
95	0.455637
96	0.444656
97	0.434107
98	0.423973
99	0.414238
100	0.404884

Método Adam-Moulton por Euler Inverso
Ordem = 5
y(0.000000) = 25.000000
h = 1.000000
0	25.000000
1	23.189225
2	21.547725
3	20.057750
4	19.305300
5	18.620521
6	17.996443
7	17.426859
8	16.906237
9	16.429645
10	15.992688
11	15.591442
12	15.222405
13	14.882453
14	14.568792
15	14.278925
16	14.010620
17	13.761878
18	13.530909
19	13.316111
20	13.116043
21	12.929416
22	12.755069
23	12.591961
24	12.439151
25	12.295796
26	12.161133
27	12.034473
28	11.915196
29	11.802738
30	11.696590
31	11.596289
32	11.501416
33	11.411589
34	11.326459
35	11.245711
36	11.169054
37	11.096222
38	11.026974
39	10.961087
40	10.898355
41	10.838591
42	10.781621
43	10.727283
44	10.675431
45	10.625925
46	10.578639
47	10.533455
48	10.490261
49	10.448956
50	10.409442
51	10.371631
52	10.335437
53	10.300784
54	10.267595
55	10.235803
56	10.205341
57	10.176148
58	10.148166
59	10.121339
60	10.095616
61	10.070948
62	10.047288
63	10.024592
64	10.002818
65	9.981926
66	9.961879
67	9.942640
68	9.924175
69	9.906452
70	9.889440
71	9.873109
72	9.857430
73	9.842377
74	9.827924
75	9.814046
76	9.800720
77	9.787923
78	9.775634
79	9.763832
80	9.752497
81	9.741611
82	9.731156
83	9.721114
84	9.711469
85	9.702204
86	9.693305
87	9.684757
88	9.676546
89	9.668659
90	9.661082
91	9.653803
92	9.646811
93	9.640094
94	9.633642
95	9.627443
96	9.621488
97	9.615767
98	9.610271
99	9.604991
100	9.599918

Método Adam-Moulton por Euler Inverso
Ordem = 6
y(0.000000) = 25.000000
h = 1.000000
0	25.000000
1	23.189225
2	21.547725
3	20.057750
4	18.703503
5	17.411193
6	16.234165
7	15.160591
8	14.179937
9	13.282811
10	12.460841
11	11.706560
12	11.013302
13	10.375121
14	9.786701
15	9.243294
16	8.740655
17	8.274984
18	7.842880
19	7.441296
20	7.067499
21	6.719039
22	6.393715
23	6.089548
24	5.804758
25	5.537744
26	5.287061
27	5.051406
28	4.829601
29	4.620583
30	4.423387
31	4.237140
32	4.061049
33	3.894393
34	3.736516
35	3.586820
36	3.444758
37	3.309833
38	3.181587
39	3.059601
40	2.943491
41	2.832902
42	2.727509
43	2.627011
44	2.531129
45	2.439606
46	2.352204
47	2.268700
48	2.188889
49	2.112578
50	2.039588
51	1.969752
52	1.902914
53	1.838925
54	1.777649
55	1.718957
56	1.662726
57	1.608842
58	1.557196
59	1.507688
60	1.460220
61	1.414700
62	1.371044
63	1.329169
64	1.288997
65	1.250454
66	1.213471
67	1.177981
68	1.143921
69	1.111229
70	1.079849
71	1.049727
72	1.020808
73	0.993045
74	0.966389
75	0.940794
76	0.916217
77	0.892617
78	0.869954
79	0.848189
80	0.827287
81	0.807212
82	0.787932
83	0.769414
84	0.751627
85	0.734543
86	0.718133
87	0.702371
88	0.687230
89	0.672686
90	0.658714
91	0.645293
92	0.632401
93	0.620015
94	0.608117
95	0.596687
96	0.585707
97	0.575158
98	0.565024
99	0.555288
100	0.545935

Método Adam-Moulton por Euler Inverso
Ordem = 7
y(0.000000) = 25.000000
h = 1.000000
0	25.000000
1	23.189225
2	21.547725
3	20.057750
4	18.703503
5	17.470920
6	16.293892
7	15.220319
8	14.239664
9	13.342538
10	12.520569
11	11.766287
12	11.073030
13	10.434848
14	9.846428
15	9.303022
16	8.800383
17	8.334712
18	7.902608
19	7.501023
20	7.127227
21	6.778767
22	6.453443
23	6.149275
24	5.864486
25	5.597472
26	5.346788
27	5.111133
28	4.889328
29	4.680310
30	4.483114
31	4.296868
32	4.120777
33	3.954121
34	3.796243
35	3.646547
36	3.504486
37	3.369561
38	3.241315
39	3.119329
40	3.003219
41	2.892630
42	2.787237
43	2.686738
44	2.590856
45	2.499334
46	2.411931
47	2.328427
48	2.248616
49	2.172305
50	2.099316
51	2.029480
52	1.962641
53	1.898653
54	1.837377
55	1.778684
56	1.722453
57	1.668569
58	1.616924
59	1.567415
60	1.519947
61	1.474428
62	1.430772
63	1.388896
64	1.348724
65	1.310182
66	1.273199
67	1.237709
68	1.203648
69	1.170957
70	1.139577
71	1.109454
72	1.080536
73	1.052772
74	1.026116
75	1.000521
76	0.975945
77	0.952344
78	0.929681
79	0.907917
80	0.887014
81	0.866940
82	0.847659
83	0.829141
84	0.811355
85	0.794271
86	0.777861
87	0.762098
88	0.746957
89	0.732413
90	0.718442
91	0.705021
92	0.692128
93	0.679743
94	0.667845
95	0.656415
96	0.645434
97	0.634886
98	0.624752
99	0.615016
100	0.605663

Método Adam-Moulton por Euler Inverso
Ordem = 8
y(0.000000) = 25.000000
h = 1.000000
0	25.000000
1	23.189225
2	21.547725
3	20.057750
4	18.703503
5	17.470920
6	16.347478
7	15.273905
8	14.293250
9	13.396125
10	12.574155
11	11.819873
12	11.126616
13	10.488434
14	9.900014
15	9.356608
16	8.853969
17	8.388298
18	7.956194
19	7.554609
20	7.180813
21	6.832353
22	6.507029
23	6.202861
24	5.918072
25	5.651058
26	5.400374
27	5.164719
28	4.942915
29	4.733896
30	4.536701
31	4.350454
32	4.174363
33	4.007707
34	3.849829
35	3.700133
36	3.558072
37	3.423147
38	3.294901
39	3.172915
40	3.056805
41	2.946216
42	2.840823
43	2.740324
44	2.644443
45	2.552920
46	2.465517
47	2.382014
48	2.302202
49	2.225891
50	2.152902
51	2.083066
52	2.016227
53	1.952239
54	1.890963
55	1.832270
56	1.776039
57	1.722155
58	1.670510
59	1.621001
60	1.573533
61	1.528014
62	1.484358
63	1.442482
64	1.402310
65	1.363768
66	1.326785
67	1.291295
68	1.257234
69	1.224543
70	1.193163
71	1.163040
72	1.134122
73	1.106359
74	1.079702
75	1.054107
76	1.029531
77	1.005931
78	0.983267
79	0.961503
80	0.940601
81	0.920526
82	0.901246
83	0.882727
84	0.864941
85	0.847857
86	0.831447
87	0.815684
88	0.800543
89	0.785999
90	0.772028
91	0.758607
92	0.745714
93	0.733329
94	0.721431
95	0.710001
96	0.699020
97	0.688472
98	0.678338
99	0.668602
100	0.659249

Método Adam-Moulton por Euler Aprimorado
Ordem = 2
y(0.000000) = 25.000000
h = 1.000000
0	25.000000
1	23.094612
2	21.368475
3	19.802737
4	18.380626
5	17.087212
6	15.909199
7	14.834749
8	13.853313
9	12.955491
10	12.132899
11	11.378063
12	10.684311
13	10.045687
14	9.456872
15	8.913112
16	8.410157
17	7.944203
18	7.511845
19	7.110033
20	6.736033
21	6.387390
22	6.061901
23	5.757585
24	5.472663
25	5.205528
26	4.954736
27	4.718983
28	4.497090
29	4.287991
30	4.090723
31	3.904410
32	3.728259
33	3.561548
34	3.403621
35	3.253880
36	3.111777
37	2.976814
38	2.848533
39	2.726515
40	2.610375
41	2.499759
42	2.394341
43	2.293820
44	2.197916
45	2.106374
46	2.018953
47	1.935432
48	1.855604
49	1.779279
50	1.706275
51	1.636426
52	1.569575
53	1.505575
54	1.444289
55	1.385586
56	1.329346
57	1.275452
58	1.223799
59	1.174282
60	1.126806
61	1.081280
62	1.037617
63	0.995735
64	0.955557
65	0.917008
66	0.880020
67	0.844524
68	0.810459
69	0.777763
70	0.746378
71	0.716251
72	0.687329
73	0.659561
74	0.632901
75	0.607303
76	0.582723
77	0.559119
78	0.536453
79	0.514685
80	0.493780
81	0.473703
82	0.454420
83	0.435899
84	0.418110
85	0.401024
86	0.384612
87	0.368847
88	0.353704
89	0.339158
90	0.325184
91	0.311761
92	0.298867
93	0.286480
94	0.274581
95	0.263149
96	0.252167
97	0.241617
98	0.231481
99	0.221744
100	0.212390

Método Adam-Moulton por Euler Aprimorado
Ordem = 3
y(0.000000) = 25.000000
h = 1.000000
0	25.000000
1	23.094612
2	21.370137
3	19.805879
4	18.385085
5	17.092842
6	15.915873
7	14.842352
8	13.861745
9	12.964661
10	12.142728
11	11.388479
12	10.695251
13	10.057096
14	9.468699
15	8.925313
16	8.422692
17	7.957038
18	7.524948
19	7.123377
20	6.749592
21	6.401142
22	6.075827
23	5.771668
24	5.486886
25	5.219878
26	4.969200
27	4.733550
28	4.511750
29	4.302736
30	4.105544
31	3.919300
32	3.743212
33	3.576559
34	3.418684
35	3.268990
36	3.126931
37	2.992007
38	2.863763
39	2.741778
40	2.625669
41	2.515082
42	2.409690
43	2.309192
44	2.213311
45	2.121789
46	2.034387
47	1.950884
48	1.871074
49	1.794763
50	1.721774
51	1.651939
52	1.585100
53	1.521112
54	1.459837
55	1.401145
56	1.344914
57	1.291030
58	1.239385
59	1.189877
60	1.142409
61	1.096890
62	1.053234
63	1.011359
64	0.971187
65	0.932644
66	0.895661
67	0.860171
68	0.826111
69	0.793420
70	0.762040
71	0.731917
72	0.702999
73	0.675236
74	0.648580
75	0.622985
76	0.598408
77	0.574808
78	0.552145
79	0.530381
80	0.509478
81	0.489404
82	0.470124
83	0.451605
84	0.433819
85	0.416735
86	0.400325
87	0.384563
88	0.369422
89	0.354878
90	0.340906
91	0.327485
92	0.314593
93	0.302207
94	0.290309
95	0.278880
96	0.267899
97	0.257350
98	0.247216
99	0.237481
100	0.228127

Método Adam-Moulton por Euler Aprimorado
Ordem = 4
y(0.000000) = 25.000000
h = 1.000000
0	25.000000
1	23.094612
2	21.368475
3	19.804125
4	18.383249
5	17.090934
6	15.913901
7	14.840324
8	13.859666
9	12.962536
10	12.140564
11	11.386279
12	10.693020
13	10.054836
14	9.466415
15	8.923007
16	8.420366
17	7.954694
18	7.522588
19	7.121003
20	6.747206
21	6.398745
22	6.073420
23	5.769252
24	5.484462
25	5.217447
26	4.966764
27	4.731108
28	4.509303
29	4.300285
30	4.103089
31	3.916841
32	3.740750
33	3.574094
34	3.416217
35	3.266520
36	3.124459
37	2.989533
38	2.861287
39	2.739301
40	2.623191
41	2.512602
42	2.407209
43	2.306711
44	2.210829
45	2.119306
46	2.031903
47	1.948400
48	1.868588
49	1.792277
50	1.719288
51	1.649452
52	1.582613
53	1.518625
54	1.457349
55	1.398656
56	1.342425
57	1.288541
58	1.236896
59	1.187387
60	1.139919
61	1.094400
62	1.050744
63	1.008868
64	0.968696
65	0.930154
66	0.893171
67	0.857680
68	0.823620
69	0.790928
70	0.759549
71	0.729426
72	0.700508
73	0.672744
74	0.646088
75	0.620493
76	0.595916
77	0.572316
78	0.549653
79	0.527888
80	0.506986
81	0.486912
82	0.467631
83	0.449113
84	0.431327
85	0.414243
86	0.397833
87	0.382070
88	0.366929
89	0.352385
90	0.338414
91	0.324993
92	0.312100
93	0.299715
94	0.287817
95	0.276387
96	0.265406
97	0.254857
98	0.244723
99	0.234988
100	0.225634

Método Adam-Moulton por Euler Aprimorado
Ordem = 5
y(0.000000) = 25.000000
h = 1.000000
0	25.000000
1	23.094612
2	21.368475
3	19.802737
4	19.050287
5	18.365508
6	17.741430
7	17.171846
8	16.651224
9	16.174633
10	15.737675
11	15.336429
12	14.967393
13	14.627441
14	14.313779
15	14.023912
16	13.755607
17	13.506865
18	13.275897
19	13.061098
20	12.861031
21	12.674403
22	12.500057
23	12.336948
24	12.184139
25	12.040783
26	11.906120
27	11.779461
28	11.660183
29	11.547725
30	11.441577
31	11.341277
32	11.246403
33	11.156576
34	11.071447
35	10.990698
36	10.914041
37	10.841210
38	10.771962
39	10.706074
40	10.643343
41	10.583579
42	10.526608
43	10.472271
44	10.420418
45	10.370912
46	10.323627
47	10.278442
48	10.235249
49	10.193943
50	10.154429
51	10.116618
52	10.080425
53	10.045771
54	10.012583
55	9.980790
56	9.950328
57	9.921135
58	9.893153
59	9.866326
60	9.840604
61	9.815936
62	9.792275
63	9.769579
64	9.747805
65	9.726914
66	9.706866
67	9.687627
68	9.669163
69	9.651440
70	9.634427
71	9.618096
72	9.602417
73	9.587364
74	9.572911
75	9.559033
76	9.545707
77	9.532910
78	9.520621
79	9.508819
80	9.497485
81	9.486599
82	9.476144
83	9.466101
84	9.456456
85	9.447192
86	9.438293
87	9.429744
88	9.421533
89	9.413646
90	9.406069
91	9.398791
92	9.391799
93	9.385082
94	9.378629
95	9.372430
96	9.366475
97	9.360754
98	9.355258
99	9.349978
100	9.344906

Método Adam-Moulton por Euler Aprimorado
Ordem = 6
y(0.000000) = 25.000000
h = 1.000000
0	25.000000
1	23.094612
2	21.368475
3	19.802737
4	18.380626
5	17.088317
6	15.911288
7	14.837715
8	13.857061
9	12.959935
10	12.137965
11	11.383683
12	10.690426
13	10.052244
14	9.463824
15	8.920418
16	8.417779
17	7.952108
18	7.520004
19	7.118419
20	6.744623
21	6.396163
22	6.070839
23	5.766671
24	5.481882
25	5.214868
26	4.964184
27	4.728529
28	4.506724
29	4.297706
30	4.100510
31	3.914264
32	3.738173
33	3.571517
34	3.413639
35	3.263943
36	3.121882
37	2.986957
38	2.858711
39	2.736725
40	2.620615
41	2.510026
42	2.404633
43	2.304134
44	2.208252
45	2.116730
46	2.029327
47	1.945823
48	1.866012
49	1.789701
50	1.716712
51	1.646876
52	1.580037
53	1.516049
54	1.454773
55	1.396080
56	1.339849
57	1.285965
58	1.234320
59	1.184811
60	1.137343
61	1.091824
62	1.048168
63	1.006292
64	0.966120
65	0.927578
66	0.890595
67	0.855105
68	0.821044
69	0.788353
70	0.756973
71	0.726850
72	0.697932
73	0.670168
74	0.643512
75	0.617917
76	0.593341
77	0.569740
78	0.547077
79	0.525313
80	0.504410
81	0.484336
82	0.465055
83	0.446537
84	0.428751
85	0.411667
86	0.395257
87	0.379494
88	0.364353
89	0.349809
90	0.335838
91	0.322417
92	0.309524
93	0.297139
94	0.285241
95	0.273811
96	0.262830
97	0.252282
98	0.242148
99	0.232412
100	0.223059

Método Adam-Moulton por Euler Aprimorado
Ordem = 7
y(0.000000) = 25.000000
h = 1.000000
0	25.000000
1	23.094612
2	21.368475
3	19.802737
4	18.380626
5	17.087212
6	15.910183
7	14.836610
8	13.855956
9	12.958830
10	12.136860
11	11.382578
12	10.689321
13	10.051139
14	9.462720
15	8.919313
16	8.416674
17	7.951003
18	7.518899
19	7.117315
20	6.743518
21	6.395058
22	6.069734
23	5.765567
24	5.480777
25	5.213763
26	4.963080
27	4.727424
28	4.505620
29	4.296602
30	4.099406
31	3.913159
32	3.737068
33	3.570412
34	3.412535
35	3.262838
36	3.120777
37	2.985852
38	2.857606
39	2.735620
40	2.619510
41	2.508921
42	2.403528
43	2.303030
44	2.207148
45	2.115625
46	2.028223
47	1.944719
48	1.864908
49	1.788597
50	1.715607
51	1.645771
52	1.578933
53	1.514944
54	1.453668
55	1.394976
56	1.338745
57	1.284861
58	1.233215
59	1.183707
60	1.136238
61	1.090719
62	1.047063
63	1.005188
64	0.965016
65	0.926473
66	0.889490
67	0.854000
68	0.819939
69	0.787248
70	0.755868
71	0.725746
72	0.696827
73	0.669064
74	0.642407
75	0.616813
76	0.592236
77	0.568636
78	0.545973
79	0.524208
80	0.503306
81	0.483231
82	0.463951
83	0.445433
84	0.427646
85	0.410562
86	0.394152
87	0.378390
88	0.363249
89	0.348705
90	0.334733
91	0.321312
92	0.308419
93	0.296034
94	0.284136
95	0.272706
96	0.261726
97	0.251177
98	0.241043
99	0.231307
100	0.221954

Método Adam-Moulton por Euler Aprimorado
Ordem = 8
y(0.000000) = 25.000000
h = 1.000000
0	25.000000
1	23.094612
2	21.368475
3	19.802737
4	18.380626
5	17.087212
6	15.909199
7	14.835626
8	13.854972
9	12.957846
10	12.135876
11	11.381594
12	10.688337
13	10.050155
14	9.461736
15	8.918329
16	8.415690
17	7.950019
18	7.517915
19	7.116330
20	6.742534
21	6.394074
22	6.068750
23	5.764583
24	5.479793
25	5.212779
26	4.962096
27	4.726440
28	4.504636
29	4.295617
30	4.098422
31	3.912175
32	3.736084
33	3.569428
34	3.411551
35	3.261854
36	3.119793
37	2.984868
38	2.856622
39	2.734636
40	2.618526
41	2.507937
42	2.402544
43	2.302046
44	2.206164
45	2.114641
46	2.027238
47	1.943735
48	1.863923
49	1.787613
50	1.714623
51	1.644787
52	1.577948
53	1.513960
54	1.452684
55	1.393992
56	1.337761
57	1.283876
58	1.232231
59	1.182722
60	1.135254
61	1.089735
62	1.046079
63	1.004204
64	0.964031
65	0.925489
66	0.888506
67	0.853016
68	0.818955
69	0.786264
70	0.754884
71	0.724761
72	0.695843
73	0.668080
74	0.641423
75	0.615828
76	0.591252
77	0.567652
78	0.544988
79	0.523224
80	0.502322
81	0.482247
82	0.462967
83	0.444449
84	0.426662
85	0.409578
86	0.393168
87	0.377406
88	0.362265
89	0.347720
90	0.333749
91	0.320328
92	0.307435
93	0.295050
94	0.283152
95	0.271722
96	0.260742
97	0.250193
98	0.240059
99	0.230323
100	0.220970

Método Adam-Moulton por Runge Kutta
Ordem = 2
y(0.000000) = 25.000000
h = 1.000000
0	25.000000
1	23.094612
2	21.368475
3	19.802737
4	18.380626
5	17.087212
6	15.909199
7	14.834749
8	13.853313
9	12.955491
10	12.132899
11	11.378063
12	10.684311
13	10.045687
14	9.456872
15	8.913112
16	8.410157
17	7.944203
18	7.511845
19	7.110033
20	6.736033
21	6.387390
22	6.061901
23	5.757585
24	5.472663
25	5.205528
26	4.954736
27	4.718983
28	4.497090
29	4.287991
30	4.090723
31	3.904410
32	3.728259
33	3.561548
34	3.403621
35	3.253880
36	3.111777
37	2.976814
38	2.848533
39	2.726515
40	2.610375
41	2.499759
42	2.394341
43	2.293820
44	2.197916
45	2.106374
46	2.018953
47	1.935432
48	1.855604
49	1.779279
50	1.706275
51	1.636426
52	1.569575
53	1.505575
54	1.444289
55	1.385586
56	1.329346
57	1.275452
58	1.223799
59	1.174282
60	1.126806
61	1.081280
62	1.037617
63	0.995735
64	0.955557
65	0.917008
66	0.880020
67	0.844524
68	0.810459
69	0.777763
70	0.746378
71	0.716251
72	0.687329
73	0.659561
74	0.632901
75	0.607303
76	0.582723
77	0.559119
78	0.536453
79	0.514685
80	0.493780
81	0.473703
82	0.454420
83	0.435899
84	0.418110
85	0.401024
86	0.384612
87	0.368847
88	0.353704
89	0.339158
90	0.325184
91	0.311761
92	0.298867
93	0.286480
94	0.274581
95	0.263149
96	0.252167
97	0.241617
98	0.231481
99	0.221744
100	0.212390

Método Adam-Moulton por Runge Kutta
Ordem = 3
y(0.000000) = 25.000000
h = 1.000000
0	25.000000
1	23.096373
2	21.371898
3	19.807640
4	18.386846
5	17.094603
6	15.917634
7	14.844113
8	13.863506
9	12.966422
10	12.144489
11	11.390240
12	10.697012
13	10.058857
14	9.470460
15	8.927074
16	8.424453
17	7.958799
18	7.526709
19	7.125138
20	6.751353
21	6.402903
22	6.077588
23	5.773429
24	5.488647
25	5.221639
26	4.970961
27	4.735311
28	4.513511
29	4.304497
30	4.107305
31	3.921061
32	3.744973
33	3.578320
34	3.420445
35	3.270751
36	3.128692
37	2.993768
38	2.865524
39	2.743539
40	2.627430
41	2.516843
42	2.411451
43	2.310953
44	2.215072
45	2.123550
46	2.036149
47	1.952645
48	1.872835
49	1.796524
50	1.723535
51	1.653700
52	1.586862
53	1.522873
54	1.461598
55	1.402906
56	1.346675
57	1.292791
58	1.241146
59	1.191638
60	1.144170
61	1.098651
62	1.054995
63	1.013120
64	0.972948
65	0.934405
66	0.897422
67	0.861932
68	0.827872
69	0.795181
70	0.763801
71	0.733678
72	0.704760
73	0.676997
74	0.650341
75	0.624746
76	0.600169
77	0.576569
78	0.553906
79	0.532142
80	0.511239
81	0.491165
82	0.471885
83	0.453367
84	0.435580
85	0.418496
86	0.402086
87	0.386324
88	0.371183
89	0.356639
90	0.342667
91	0.329246
92	0.316354
93	0.303968
94	0.292070
95	0.280641
96	0.269660
97	0.259111
98	0.248977
99	0.239242
100	0.229888

Método Adam-Moulton por Runge Kutta
Ordem = 4
y(0.000000) = 25.000000
h = 1.000000
0	25.000000
1	23.096373
2	21.371802
3	19.807453
4	18.386577
5	17.094262
6	15.917229
7	14.843651
8	13.862993
9	12.965864
10	12.143891
11	11.389607
12	10.696348
13	10.058164
14	9.469742
15	8.926334
16	8.423694
17	7.958021
18	7.525916
19	7.124331
20	6.750533
21	6.402073
22	6.076748
23	5.772580
24	5.487790
25	5.220775
26	4.970092
27	4.734436
28	4.512631
29	4.303612
30	4.106416
31	3.920169
32	3.744078
33	3.577422
34	3.419544
35	3.269848
36	3.127787
37	2.992861
38	2.864615
39	2.742629
40	2.626519
41	2.515930
42	2.410537
43	2.310038
44	2.214157
45	2.122634
46	2.035231
47	1.951727
48	1.871916
49	1.795605
50	1.722616
51	1.652780
52	1.585941
53	1.521952
54	1.460677
55	1.401984
56	1.345753
57	1.291869
58	1.240223
59	1.190715
60	1.143247
61	1.097728
62	1.054071
63	1.012196
64	0.972024
65	0.933481
66	0.896498
67	0.861008
68	0.826948
69	0.794256
70	0.762876
71	0.732754
72	0.703835
73	0.676072
74	0.649416
75	0.623821
76	0.599244
77	0.575644
78	0.552981
79	0.531216
80	0.510314
81	0.490239
82	0.470959
83	0.452441
84	0.434654
85	0.417570
86	0.401160
87	0.385398
88	0.370257
89	0.355713
90	0.341741
91	0.328320
92	0.315428
93	0.303042
94	0.291144
95	0.279714
96	0.268734
97	0.258185
98	0.248051
99	0.238315
100	0.228962

Método Adam-Moulton por Runge Kutta
Ordem = 5
y(0.000000) = 25.000000
h = 1.000000
0	25.000000
1	23.096373
2	21.371802
3	19.807459
4	19.055009
5	18.370230
6	17.746152
7	17.176568
8	16.655946
9	16.179355
10	15.742397
11	15.341151
12	14.972115
13	14.632162
14	14.318501
15	14.028634
16	13.760329
17	13.511587
18	13.280619
19	13.065820
20	12.865752
21	12.679125
22	12.504779
23	12.341670
24	12.188861
25	12.045505
26	11.910842
27	11.784183
28	11.664905
29	11.552447
30	11.446299
31	11.345999
32	11.251125
33	11.161298
34	11.076169
35	10.995420
36	10.918763
37	10.845932
38	10.776684
39	10.710796
40	10.648065
41	10.588301
42	10.531330
43	10.476993
